0.005454545454545455 0.10363636363636364 0.0018181818181818182 0.038181818181818185 0.0018181818181818182 0.09636363636363636 0.37636363636363634 0.22727272727272727 0.06 0.0890909090909091 
0.07062146892655367 0.017890772128060263 0.03672316384180791 0.059322033898305086 0.07250470809792843 0.06685499058380415 0.571563088512241 0.03295668549905838 0.06685499058380415 0.004708097928436911 
0.35138888888888886 0.04583333333333333 0.001388888888888889 0.001388888888888889 0.043055555555555555 0.1625 0.1597222222222222 0.12638888888888888 0.009722222222222222 0.09861111111111111 
0.1686046511627907 0.0755813953488372 0.005813953488372093 0.029069767441860465 0.48255813953488375 0.13372093023255813 0.005813953488372093 0.005813953488372093 0.029069767441860465 0.06395348837209303 
0.0078125 0.049479166666666664 0.0078125 0.1640625 0.0026041666666666665 0.049479166666666664 0.3723958333333333 0.3151041666666667 0.0026041666666666665 0.028645833333333332 
0.006097560975609756 0.23238482384823847 0.012872628726287264 0.1578590785907859 0.0020325203252032522 0.03048780487804878 0.2350948509485095 0.007452574525745257 0.05623306233062331 0.2594850948509485 
0.0021645021645021645 0.0021645021645021645 0.010822510822510822 0.010822510822510822 0.006493506493506494 0.010822510822510822 0.5346320346320347 0.28354978354978355 0.13636363636363635 0.0021645021645021645 
0.32196969696969696 0.005303030303030303 7.575757575757576E-4 7.575757575757576E-4 0.0022727272727272726 0.02803030303030303 0.2946969696969697 0.18863636363636363 0.14015151515151514 0.017424242424242425 
0.0014534883720930232 0.010174418604651164 0.0014534883720930232 0.0014534883720930232 0.0014534883720930232 0.0014534883720930232 0.11773255813953488 0.16424418604651161 0.6933139534883721 0.007267441860465116 
0.004629629629629629 0.013888888888888888 0.004629629629629629 0.004629629629629629 0.004629629629629629 0.004629629629629629 0.004629629629629629 0.36574074074074076 0.5879629629629629 0.004629629629629629 
0.006329113924050633 0.04430379746835443 0.006329113924050633 0.006329113924050633 0.006329113924050633 0.006329113924050633 0.056962025316455694 0.04430379746835443 0.8164556962025317 0.006329113924050633 
8.333333333333334E-4 0.009166666666666667 8.333333333333334E-4 0.020833333333333332 8.333333333333334E-4 0.0025 0.5858333333333333 0.23416666666666666 0.1425 0.0025 
0.4895833333333333 0.03125 0.010416666666666666 0.03125 0.010416666666666666 0.03125 0.03125 0.03125 0.3229166666666667 0.010416666666666666 
9.293680297397769E-4 0.023234200743494422 0.0027881040892193307 0.019516728624535316 9.293680297397769E-4 0.0027881040892193307 0.354089219330855 0.47862453531598514 0.11617100371747212 9.293680297397769E-4 
0.001519756838905775 0.001519756838905775 0.001519756838905775 0.001519756838905775 0.001519756838905775 0.001519756838905775 0.010638297872340425 0.9407294832826748 0.037993920972644375 0.001519756838905775 
0.0016666666666666668 0.0016666666666666668 0.0016666666666666668 0.0016666666666666668 0.0016666666666666668 0.0016666666666666668 0.008333333333333333 0.945 0.03166666666666667 0.005 
0.03110599078341014 0.00576036866359447 0.001152073732718894 0.04262672811059908 0.021889400921658985 0.5195852534562212 0.2799539170506912 0.012672811059907835 0.05414746543778802 0.03110599078341014 
0.001851851851851852 0.024074074074074074 0.001851851851851852 0.4166666666666667 0.001851851851851852 0.001851851851851852 0.5314814814814814 0.012962962962962963 0.005555555555555556 0.001851851851851852 
0.0018587360594795538 0.00929368029739777 0.0018587360594795538 0.395910780669145 0.0018587360594795538 0.0018587360594795538 0.5743494423791822 0.0055762081784386614 0.0055762081784386614 0.0018587360594795538 
0.006666666666666667 0.037142857142857144 0.004761904761904762 0.029523809523809525 0.5552380952380952 0.1895238095238095 0.1457142857142857 0.014285714285714285 0.002857142857142857 0.014285714285714285 
0.0033333333333333335 0.0033333333333333335 0.016666666666666666 0.9166666666666666 0.023333333333333334 0.01 0.0033333333333333335 0.0033333333333333335 0.0033333333333333335 0.016666666666666666 
0.003289473684210526 0.003289473684210526 0.01644736842105263 0.7401315789473685 0.003289473684210526 0.003289473684210526 0.003289473684210526 0.2138157894736842 0.009868421052631578 0.003289473684210526 
0.0027472527472527475 0.1510989010989011 0.0027472527472527475 0.739010989010989 0.0027472527472527475 0.0027472527472527475 0.09065934065934066 0.0027472527472527475 0.0027472527472527475 0.0027472527472527475 
0.0010309278350515464 0.06907216494845361 0.03814432989690722 0.11443298969072165 0.29175257731958765 0.20309278350515464 0.15360824742268042 0.023711340206185566 0.0010309278350515464 0.10412371134020619 
0.007859733978234583 0.13603385731559856 0.016324062877871828 0.034461910519951636 0.4492140266021765 0.2267230955259976 6.045949214026602E-4 0.09975816203143893 0.0018137847642079807 0.02720677146311971 
2.6867275658248256E-4 2.6867275658248256E-4 0.0045674368619022035 2.6867275658248256E-4 0.01047823750671682 0.8917248790972595 0.033584094572810315 0.029285330467490597 2.6867275658248256E-4 0.029285330467490597 
0.0013089005235602095 0.30497382198952877 0.0013089005235602095 0.2395287958115183 0.04057591623036649 0.04319371727748691 0.003926701570680628 0.3337696335078534 0.01963350785340314 0.011780104712041885 
0.021929824561403508 0.08625730994152046 0.0043859649122807015 0.06286549707602339 0.0014619883040935672 0.027777777777777776 0.033625730994152045 0.7529239766081871 0.0043859649122807015 0.0043859649122807015 
0.00510204081632653 0.1377551020408163 0.03231292517006803 0.15476190476190477 0.07653061224489796 0.15136054421768708 0.015306122448979591 0.413265306122449 0.008503401360544218 0.00510204081632653 
0.002074688796680498 0.002074688796680498 0.002074688796680498 0.002074688796680498 0.002074688796680498 0.006224066390041493 0.006224066390041493 0.002074688796680498 0.002074688796680498 0.9730290456431535 
0.002074688796680498 0.002074688796680498 0.002074688796680498 0.002074688796680498 0.002074688796680498 0.002074688796680498 0.002074688796680498 0.002074688796680498 0.002074688796680498 0.9813278008298755 
0.03333333333333333 0.2111111111111111 0.0022222222222222222 0.11333333333333333 0.011111111111111112 0.042222222222222223 0.02 0.5488888888888889 0.0022222222222222222 0.015555555555555555 
0.003125 0.009375 0.834375 0.109375 0.003125 0.003125 0.021875 0.009375 0.003125 0.003125 
0.0014634146341463415 0.0034146341463414634 0.0014634146341463415 4.878048780487805E-4 4.878048780487805E-4 0.0014634146341463415 0.715609756097561 0.16439024390243903 0.1048780487804878 0.006341463414634147 
0.017985611510791366 0.15467625899280577 0.01079136690647482 0.20503597122302158 0.0035971223021582736 0.0035971223021582736 0.579136690647482 0.0035971223021582736 0.01079136690647482 0.01079136690647482 
0.017813267813267815 0.7131449631449631 0.02764127764127764 0.019041769041769043 0.0018427518427518428 0.032555282555282554 0.1517199017199017 0.009213759213759214 0.006756756756756757 0.02027027027027027 
0.0030864197530864196 0.8055555555555556 0.1574074074074074 0.009259259259259259 0.0030864197530864196 0.0030864197530864196 0.0030864197530864196 0.0030864197530864196 0.009259259259259259 0.0030864197530864196 
0.0031446540880503146 0.8270440251572327 0.13522012578616352 0.0031446540880503146 0.0031446540880503146 0.0031446540880503146 0.009433962264150943 0.009433962264150943 0.0031446540880503146 0.0031446540880503146 
0.005434782608695652 0.005434782608695652 0.005434782608695652 0.8532608695652174 0.005434782608695652 0.03804347826086957 0.04891304347826087 0.016304347826086956 0.005434782608695652 0.016304347826086956 
0.00980392156862745 0.005279034690799397 7.541478129713424E-4 0.07767722473604827 0.0022624434389140274 0.09879336349924585 0.6146304675716441 0.0022624434389140274 0.18778280542986425 7.541478129713424E-4 
0.014124293785310734 0.00847457627118644 0.01977401129943503 0.10451977401129943 0.7090395480225988 0.00847457627118644 0.01977401129943503 0.002824858757062147 0.10451977401129943 0.00847457627118644 
0.7351274787535411 0.00424929178470255 0.04107648725212465 0.007082152974504249 0.00424929178470255 0.029745042492917848 0.13739376770538245 0.00141643059490085 0.009915014164305949 0.029745042492917848 
0.0032618825722274 0.020037278657968314 0.0032618825722274 4.6598322460391424E-4 0.0097856477166822 0.8550792171481827 0.03960857409133271 0.019105312208760484 4.6598322460391424E-4 0.048928238583411 
0.0273109243697479 0.05672268907563025 0.0273109243697479 0.0021008403361344537 0.0021008403361344537 0.11554621848739496 0.12815126050420167 0.0021008403361344537 0.0861344537815126 0.5525210084033614 
0.02365930599369085 0.5473186119873817 0.06466876971608833 0.27917981072555204 0.014195583596214511 0.0015772870662460567 0.04258675078864353 0.00473186119873817 0.0015772870662460567 0.02050473186119874 
0.039473684210526314 0.09210526315789473 0.06578947368421052 0.5131578947368421 0.06578947368421052 0.013157894736842105 0.09210526315789473 0.013157894736842105 0.09210526315789473 0.013157894736842105 
0.00141643059490085 0.00424929178470255 0.012747875354107648 0.9135977337110481 0.00424929178470255 0.00141643059490085 0.05524079320113314 0.00141643059490085 0.00424929178470255 0.00141643059490085 
0.001256281407035176 0.03391959798994975 0.9057788944723618 0.001256281407035176 0.001256281407035176 0.001256281407035176 0.0364321608040201 0.00628140703517588 0.008793969849246231 0.0037688442211055275 
0.7224025974025974 0.00487012987012987 0.017857142857142856 0.08928571428571429 0.017857142857142856 0.09902597402597403 0.0016233766233766235 0.04383116883116883 0.0016233766233766235 0.0016233766233766235 
0.04462934947049924 0.0022692889561270802 0.038577912254160365 7.564296520423601E-4 0.00832072617246596 0.0037821482602118004 0.29425113464447805 0.009833585476550681 0.0022692889561270802 0.5953101361573374 
0.005263157894736842 0.8263157894736842 0.005263157894736842 0.0017543859649122807 0.005263157894736842 0.01929824561403509 0.03333333333333333 0.005263157894736842 0.07894736842105263 0.01929824561403509 
0.0016611295681063123 0.15780730897009967 0.024916943521594685 0.6495016611295681 0.008305647840531562 0.0016611295681063123 0.12458471760797342 0.0016611295681063123 0.0016611295681063123 0.02823920265780731 
0.0029940119760479044 0.014970059880239521 0.11077844311377245 0.7514970059880239 0.0029940119760479044 0.008982035928143712 0.020958083832335328 0.08083832335329341 0.0029940119760479044 0.0029940119760479044 
0.7808641975308642 0.009259259259259259 0.0030864197530864196 0.0030864197530864196 0.0030864197530864196 0.12654320987654322 0.0030864197530864196 0.046296296296296294 0.009259259259259259 0.015432098765432098 
0.001607717041800643 0.1045016077170418 0.001607717041800643 0.024115755627009645 0.4967845659163987 0.00482315112540193 0.001607717041800643 0.35852090032154343 0.00482315112540193 0.001607717041800643 
0.010330578512396695 0.34917355371900827 0.08471074380165289 0.29545454545454547 0.13016528925619836 0.05991735537190083 0.006198347107438017 0.030991735537190084 0.006198347107438017 0.026859504132231406 
0.028935185185185185 0.3854166666666667 0.008101851851851851 0.01273148148148148 0.05439814814814815 0.3506944444444444 0.0011574074074074073 0.08680555555555555 0.019675925925925927 0.052083333333333336 
0.04861111111111111 0.020833333333333332 0.6597222222222222 0.13194444444444445 0.006944444444444444 0.006944444444444444 0.006944444444444444 0.10416666666666667 0.006944444444444444 0.006944444444444444 
0.001607717041800643 0.04019292604501608 0.6189710610932476 0.0594855305466238 0.00482315112540193 0.03697749196141479 0.09807073954983923 0.13344051446945338 0.001607717041800643 0.00482315112540193 
0.008928571428571428 0.008928571428571428 0.026785714285714284 0.7589285714285714 0.008928571428571428 0.026785714285714284 0.008928571428571428 0.008928571428571428 0.008928571428571428 0.13392857142857142 
0.037760416666666664 0.016927083333333332 0.0013020833333333333 0.01953125 0.6549479166666666 0.19401041666666666 0.055989583333333336 0.014322916666666666 0.00390625 0.0013020833333333333 
0.0963302752293578 0.0045871559633027525 0.8211009174311926 0.013761467889908258 0.0045871559633027525 0.0045871559633027525 0.0045871559633027525 0.0045871559633027525 0.0045871559633027525 0.04128440366972477 
0.007936507936507936 0.023809523809523808 0.8968253968253969 0.023809523809523808 0.007936507936507936 0.007936507936507936 0.007936507936507936 0.007936507936507936 0.007936507936507936 0.007936507936507936 
0.002617801047120419 0.013089005235602094 0.9240837696335078 0.013089005235602094 0.002617801047120419 0.002617801047120419 0.002617801047120419 0.02356020942408377 0.002617801047120419 0.013089005235602094 
0.0013513513513513514 0.0013513513513513514 0.004054054054054054 0.006756756756756757 0.006756756756756757 0.0013513513513513514 0.02837837837837838 0.025675675675675677 0.922972972972973 0.0013513513513513514 
0.047839506172839504 0.47685185185185186 0.007716049382716049 0.21141975308641975 0.004629629629629629 0.007716049382716049 0.016975308641975308 0.0015432098765432098 0.17746913580246915 0.047839506172839504 
0.0029585798816568047 0.008875739644970414 0.008875739644970414 0.0029585798816568047 0.020710059171597635 0.23964497041420119 0.014792899408284023 0.11538461538461539 0.5828402366863905 0.0029585798816568047 
0.009652509652509652 0.009652509652509652 0.0019305019305019305 0.021235521235521235 0.0019305019305019305 0.0019305019305019305 0.08301158301158301 0.20270270270270271 0.6621621621621622 0.005791505791505791 
0.0040650406504065045 0.1016260162601626 0.25609756097560976 0.5813008130081301 0.0040650406504065045 0.02032520325203252 0.0040650406504065045 0.012195121951219513 0.012195121951219513 0.0040650406504065045 
0.004132231404958678 0.045454545454545456 0.5578512396694215 0.004132231404958678 0.07851239669421488 0.05371900826446281 0.004132231404958678 0.17768595041322313 0.012396694214876033 0.06198347107438017 
0.045454545454545456 0.09288537549407115 0.10869565217391304 0.10869565217391304 0.001976284584980237 0.001976284584980237 0.0691699604743083 0.5197628458498024 0.005928853754940711 0.045454545454545456 
0.0028089887640449437 0.0028089887640449437 0.0028089887640449437 0.0702247191011236 0.03651685393258427 0.6657303370786517 0.17134831460674158 0.025280898876404494 0.014044943820224719 0.008426966292134831 
0.015358361774744027 0.008532423208191127 0.15870307167235495 0.03583617747440273 0.008532423208191127 0.025597269624573378 0.295221843003413 0.07337883959044368 0.3464163822525597 0.032423208191126277 
0.005190311418685121 0.0017301038062283738 0.0017301038062283738 0.005190311418685121 0.0017301038062283738 0.00865051903114187 0.7491349480968859 0.00865051903114187 0.005190311418685121 0.21280276816608998 
0.004166666666666667 0.004166666666666667 0.9541666666666667 0.004166666666666667 0.004166666666666667 0.0125 0.004166666666666667 0.004166666666666667 0.004166666666666667 0.004166666666666667 
0.0017730496453900709 0.0017730496453900709 0.9769503546099291 0.008865248226950355 0.0017730496453900709 0.0017730496453900709 0.0017730496453900709 0.0017730496453900709 0.0017730496453900709 0.0017730496453900709 
0.0017730496453900709 0.005319148936170213 0.973404255319149 0.0017730496453900709 0.005319148936170213 0.0017730496453900709 0.0017730496453900709 0.005319148936170213 0.0017730496453900709 0.0017730496453900709 
0.0017730496453900709 0.005319148936170213 0.9769503546099291 0.0017730496453900709 0.005319148936170213 0.0017730496453900709 0.0017730496453900709 0.0017730496453900709 0.0017730496453900709 0.0017730496453900709 
0.007142857142857143 0.007142857142857143 0.7785714285714286 0.03571428571428571 0.02142857142857143 0.07857142857142857 0.03571428571428571 0.007142857142857143 0.007142857142857143 0.02142857142857143 
0.04681647940074907 0.06928838951310862 0.07677902621722846 0.1704119850187266 0.0018726591760299626 0.0056179775280898875 0.17415730337078653 0.013108614232209739 0.016853932584269662 0.4250936329588015 
