0.036585365853658534 0.012195121951219513 0.012195121951219513 0.06097560975609756 0.036585365853658534 0.6219512195121951 0.10975609756097561 0.012195121951219513 0.012195121951219513 0.08536585365853659 
0.6944444444444444 0.027777777777777776 0.08333333333333333 0.027777777777777776 0.027777777777777776 0.027777777777777776 0.027777777777777776 0.027777777777777776 0.027777777777777776 0.027777777777777776 
0.00819672131147541 0.05737704918032787 0.6639344262295082 0.00819672131147541 0.05737704918032787 0.1721311475409836 0.00819672131147541 0.00819672131147541 0.00819672131147541 0.00819672131147541 
0.021739130434782608 0.021739130434782608 0.021739130434782608 0.021739130434782608 0.021739130434782608 0.021739130434782608 0.021739130434782608 0.021739130434782608 0.06521739130434782 0.7608695652173914 
0.021739130434782608 0.021739130434782608 0.021739130434782608 0.021739130434782608 0.021739130434782608 0.021739130434782608 0.021739130434782608 0.021739130434782608 0.021739130434782608 0.8043478260869565 
0.1323529411764706 0.014705882352941176 0.04411764705882353 0.014705882352941176 0.22058823529411764 0.014705882352941176 0.07352941176470588 0.4264705882352941 0.04411764705882353 0.014705882352941176 
0.008620689655172414 0.008620689655172414 0.008620689655172414 0.008620689655172414 0.008620689655172414 0.7155172413793104 0.14655172413793102 0.04310344827586207 0.04310344827586207 0.008620689655172414 
0.15 0.15 0.05 0.05 0.15 0.05 0.05 0.05 0.05 0.25 
0.075 0.025 0.025 0.025 0.025 0.225 0.425 0.025 0.125 0.025 
0.046875 0.296875 0.015625 0.015625 0.015625 0.015625 0.453125 0.046875 0.015625 0.078125 
0.03125 0.03125 0.03125 0.03125 0.03125 0.71875 0.03125 0.03125 0.03125 0.03125 
0.02631578947368421 0.13157894736842105 0.07894736842105263 0.02631578947368421 0.07894736842105263 0.02631578947368421 0.02631578947368421 0.18421052631578946 0.02631578947368421 0.39473684210526316 
0.3235294117647059 0.20588235294117646 0.029411764705882353 0.08823529411764706 0.029411764705882353 0.029411764705882353 0.029411764705882353 0.14705882352941177 0.08823529411764706 0.029411764705882353 
0.32608695652173914 0.3695652173913043 0.06521739130434782 0.06521739130434782 0.021739130434782608 0.021739130434782608 0.021739130434782608 0.021739130434782608 0.06521739130434782 0.021739130434782608 
0.03125 0.03125 0.03125 0.03125 0.03125 0.71875 0.03125 0.03125 0.03125 0.03125 
0.025 0.025 0.075 0.025 0.125 0.075 0.525 0.075 0.025 0.025 
0.021739130434782608 0.10869565217391304 0.021739130434782608 0.021739130434782608 0.10869565217391304 0.10869565217391304 0.2391304347826087 0.021739130434782608 0.021739130434782608 0.32608695652173914 
0.04411764705882353 0.014705882352941176 0.6323529411764706 0.04411764705882353 0.07352941176470588 0.1323529411764706 0.014705882352941176 0.014705882352941176 0.014705882352941176 0.014705882352941176 
0.023809523809523808 0.023809523809523808 0.07142857142857142 0.023809523809523808 0.11904761904761904 0.023809523809523808 0.07142857142857142 0.11904761904761904 0.30952380952380953 0.21428571428571427 
0.03571428571428571 0.17857142857142858 0.17857142857142858 0.03571428571428571 0.25 0.03571428571428571 0.03571428571428571 0.03571428571428571 0.03571428571428571 0.17857142857142858 
0.625 0.025 0.025 0.025 0.025 0.175 0.025 0.025 0.025 0.025 
0.039473684210526314 0.039473684210526314 0.06578947368421052 0.013157894736842105 0.06578947368421052 0.039473684210526314 0.09210526315789473 0.039473684210526314 0.06578947368421052 0.5394736842105263 
0.02586206896551724 0.1810344827586207 0.02586206896551724 0.07758620689655173 0.0603448275862069 0.008620689655172414 0.09482758620689655 0.1810344827586207 0.33620689655172414 0.008620689655172414 
0.03968253968253968 0.11904761904761904 0.23015873015873015 0.0873015873015873 0.29365079365079366 0.03968253968253968 0.007936507936507936 0.11904761904761904 0.05555555555555555 0.007936507936507936 
0.013888888888888888 0.013888888888888888 0.013888888888888888 0.013888888888888888 0.041666666666666664 0.8472222222222222 0.013888888888888888 0.013888888888888888 0.013888888888888888 0.013888888888888888 
0.011904761904761904 0.011904761904761904 0.08333333333333333 0.08333333333333333 0.10714285714285714 0.4880952380952381 0.011904761904761904 0.011904761904761904 0.05952380952380952 0.13095238095238096 
0.008928571428571428 0.008928571428571428 0.0625 0.008928571428571428 0.5982142857142857 0.008928571428571428 0.026785714285714284 0.20535714285714285 0.0625 0.008928571428571428 
0.027777777777777776 0.19444444444444445 0.027777777777777776 0.027777777777777776 0.027777777777777776 0.027777777777777776 0.1388888888888889 0.027777777777777776 0.027777777777777776 0.4722222222222222 
0.18421052631578946 0.13157894736842105 0.02631578947368421 0.07894736842105263 0.02631578947368421 0.02631578947368421 0.02631578947368421 0.18421052631578946 0.13157894736842105 0.18421052631578946 
0.075 0.025 0.025 0.025 0.125 0.225 0.025 0.075 0.375 0.025 
0.027777777777777776 0.027777777777777776 0.027777777777777776 0.027777777777777776 0.027777777777777776 0.027777777777777776 0.027777777777777776 0.6944444444444444 0.08333333333333333 0.027777777777777776 
0.011627906976744186 0.03488372093023256 0.011627906976744186 0.05813953488372093 0.011627906976744186 0.03488372093023256 0.011627906976744186 0.011627906976744186 0.7790697674418605 0.03488372093023256 
0.07894736842105263 0.18421052631578946 0.02631578947368421 0.02631578947368421 0.02631578947368421 0.02631578947368421 0.07894736842105263 0.02631578947368421 0.5 0.02631578947368421 
0.03125 0.03125 0.03125 0.03125 0.03125 0.21875 0.46875 0.03125 0.03125 0.09375 
0.029411764705882353 0.2647058823529412 0.029411764705882353 0.2647058823529412 0.029411764705882353 0.029411764705882353 0.08823529411764706 0.08823529411764706 0.14705882352941177 0.029411764705882353 
0.023809523809523808 0.023809523809523808 0.023809523809523808 0.023809523809523808 0.023809523809523808 0.5952380952380952 0.07142857142857142 0.023809523809523808 0.16666666666666666 0.023809523809523808 
0.32608695652173914 0.021739130434782608 0.021739130434782608 0.32608695652173914 0.021739130434782608 0.021739130434782608 0.10869565217391304 0.06521739130434782 0.06521739130434782 0.021739130434782608 
0.5681818181818182 0.022727272727272728 0.022727272727272728 0.022727272727272728 0.06818181818181818 0.11363636363636363 0.022727272727272728 0.06818181818181818 0.022727272727272728 0.06818181818181818 
0.041666666666666664 0.44166666666666665 0.008333333333333333 0.175 0.008333333333333333 0.025 0.008333333333333333 0.20833333333333334 0.025 0.058333333333333334 
0.023809523809523808 0.16666666666666666 0.023809523809523808 0.16666666666666666 0.023809523809523808 0.2619047619047619 0.023809523809523808 0.023809523809523808 0.2619047619047619 0.023809523809523808 
0.225 0.225 0.025 0.025 0.075 0.025 0.025 0.025 0.025 0.325 
0.625 0.025 0.025 0.025 0.075 0.075 0.025 0.025 0.025 0.075 
0.05555555555555555 0.011111111111111112 0.05555555555555555 0.05555555555555555 0.1 0.011111111111111112 0.05555555555555555 0.2777777777777778 0.23333333333333334 0.14444444444444443 
0.18421052631578946 0.02631578947368421 0.18421052631578946 0.18421052631578946 0.02631578947368421 0.02631578947368421 0.02631578947368421 0.02631578947368421 0.23684210526315788 0.07894736842105263 
0.6764705882352942 0.029411764705882353 0.08823529411764706 0.029411764705882353 0.029411764705882353 0.029411764705882353 0.029411764705882353 0.029411764705882353 0.029411764705882353 0.029411764705882353 
0.09166666666666666 0.058333333333333334 0.075 0.008333333333333333 0.525 0.058333333333333334 0.125 0.025 0.025 0.008333333333333333 
0.16666666666666666 0.35714285714285715 0.023809523809523808 0.07142857142857142 0.023809523809523808 0.023809523809523808 0.07142857142857142 0.07142857142857142 0.16666666666666666 0.023809523809523808 
0.023809523809523808 0.023809523809523808 0.023809523809523808 0.7857142857142857 0.023809523809523808 0.023809523809523808 0.023809523809523808 0.023809523809523808 0.023809523809523808 0.023809523809523808 
0.023809523809523808 0.023809523809523808 0.023809523809523808 0.7380952380952381 0.023809523809523808 0.023809523809523808 0.07142857142857142 0.023809523809523808 0.023809523809523808 0.023809523809523808 
0.014705882352941176 0.04411764705882353 0.04411764705882353 0.014705882352941176 0.07352941176470588 0.04411764705882353 0.014705882352941176 0.6911764705882353 0.014705882352941176 0.04411764705882353 
0.013157894736842105 0.013157894736842105 0.039473684210526314 0.013157894736842105 0.013157894736842105 0.013157894736842105 0.013157894736842105 0.3026315789473684 0.5657894736842105 0.013157894736842105 
