0.016363636363636365 0.06727272727272728 0.0018181818181818182 0.13636363636363635 0.0018181818181818182 0.09272727272727273 0.3290909090909091 0.23454545454545456 0.045454545454545456 0.07454545454545454 
0.027306967984934087 0.044256120527306965 0.06308851224105462 0.004708097928436911 0.10451977401129943 0.0687382297551789 0.5696798493408662 0.010357815442561206 0.09322033898305085 0.014124293785310734 
0.37083333333333335 0.001388888888888889 0.006944444444444444 0.001388888888888889 0.05138888888888889 0.19027777777777777 0.15416666666666667 0.12916666666666668 0.001388888888888889 0.09305555555555556 
0.20348837209302326 0.23837209302325582 0.0872093023255814 0.01744186046511628 0.37790697674418605 0.005813953488372093 0.005813953488372093 0.005813953488372093 0.01744186046511628 0.040697674418604654 
0.0078125 0.06510416666666667 0.0026041666666666665 0.14322916666666666 0.0026041666666666665 0.07552083333333333 0.3411458333333333 0.2838541666666667 0.06510416666666667 0.013020833333333334 
0.0020325203252032522 0.1470189701897019 0.07384823848238482 0.14566395663956638 6.775067750677507E-4 0.023712737127371274 0.18089430894308944 0.041327913279132794 0.09552845528455285 0.28929539295392953 
0.0021645021645021645 0.0021645021645021645 0.0021645021645021645 0.006493506493506494 0.006493506493506494 0.0021645021645021645 0.5909090909090909 0.24891774891774893 0.13203463203463203 0.006493506493506494 
0.31742424242424244 7.575757575757576E-4 7.575757575757576E-4 0.0022727272727272726 7.575757575757576E-4 0.023484848484848483 0.28863636363636364 0.1734848484848485 0.18106060606060606 0.011363636363636364 
0.0014534883720930232 0.015988372093023256 0.00436046511627907 0.00436046511627907 0.0014534883720930232 0.0014534883720930232 0.12936046511627908 0.18459302325581395 0.6555232558139535 0.0014534883720930232 
0.004629629629629629 0.004629629629629629 0.013888888888888888 0.004629629629629629 0.004629629629629629 0.004629629629629629 0.013888888888888888 0.33796296296296297 0.6064814814814815 0.004629629629629629 
0.006329113924050633 0.0189873417721519 0.006329113924050633 0.0189873417721519 0.006329113924050633 0.006329113924050633 0.006329113924050633 0.0189873417721519 0.9050632911392406 0.006329113924050633 
8.333333333333334E-4 8.333333333333334E-4 8.333333333333334E-4 8.333333333333334E-4 8.333333333333334E-4 0.004166666666666667 0.6108333333333333 0.2475 0.12916666666666668 0.004166666666666667 
0.40625 0.03125 0.03125 0.010416666666666666 0.07291666666666667 0.03125 0.03125 0.21875 0.15625 0.010416666666666666 
0.0027881040892193307 9.293680297397769E-4 0.032527881040892194 0.015799256505576207 0.006505576208178439 9.293680297397769E-4 0.3912639405204461 0.3912639405204461 0.15520446096654275 0.0027881040892193307 
0.001519756838905775 0.001519756838905775 0.001519756838905775 0.001519756838905775 0.001519756838905775 0.001519756838905775 0.001519756838905775 0.9042553191489362 0.08358662613981763 0.001519756838905775 
0.005 0.0016666666666666668 0.0016666666666666668 0.005 0.0016666666666666668 0.0016666666666666668 0.0016666666666666668 0.8983333333333333 0.08166666666666667 0.0016666666666666668 
0.001152073732718894 0.008064516129032258 0.001152073732718894 0.012672811059907835 0.03341013824884793 0.5241935483870968 0.30069124423963134 0.008064516129032258 0.10483870967741936 0.00576036866359447 
0.001851851851851852 0.001851851851851852 0.001851851851851852 0.4722222222222222 0.005555555555555556 0.005555555555555556 0.5055555555555555 0.001851851851851852 0.001851851851851852 0.001851851851851852 
0.0018587360594795538 0.0018587360594795538 0.0055762081784386614 0.42936802973977695 0.0018587360594795538 0.0055762081784386614 0.5483271375464684 0.0018587360594795538 0.0018587360594795538 0.0018587360594795538 
0.002857142857142857 0.03142857142857143 0.004761904761904762 0.037142857142857144 0.5247619047619048 0.16095238095238096 0.13238095238095238 0.010476190476190476 0.06952380952380953 0.025714285714285714 
0.01 0.0033333333333333335 0.01 0.9566666666666667 0.0033333333333333335 0.0033333333333333335 0.0033333333333333335 0.0033333333333333335 0.0033333333333333335 0.0033333333333333335 
0.003289473684210526 0.003289473684210526 0.023026315789473683 0.7664473684210527 0.003289473684210526 0.003289473684210526 0.003289473684210526 0.1875 0.003289473684210526 0.003289473684210526 
0.0027472527472527475 0.1565934065934066 0.0027472527472527475 0.695054945054945 0.0027472527472527475 0.008241758241758242 0.11813186813186813 0.0027472527472527475 0.008241758241758242 0.0027472527472527475 
0.0010309278350515464 0.10824742268041238 0.02577319587628866 0.15360824742268042 0.30412371134020616 0.16391752577319588 0.1618556701030928 0.0010309278350515464 0.0010309278350515464 0.07938144329896907 
6.045949214026602E-4 0.08524788391777509 6.045949214026602E-4 0.047762998790810154 0.4649334945586457 0.2545344619105199 0.006650544135429262 0.11789600967351874 0.011487303506650543 0.010278113663845224 
2.6867275658248256E-4 0.002955400322407308 0.005642127888232133 2.6867275658248256E-4 8.060182697474476E-4 0.8895754970445997 0.01155292853304675 0.0400322407307899 2.6867275658248256E-4 0.04862976894142934 
0.0013089005235602095 0.2892670157068063 0.0013089005235602095 0.168848167539267 0.13219895287958114 0.009162303664921465 0.011780104712041885 0.36518324607329844 0.01963350785340314 0.0013089005235602095 
0.0043859649122807015 0.013157894736842105 0.033625730994152045 0.04824561403508772 0.0014619883040935672 0.01023391812865497 0.054093567251461985 0.6798245614035088 0.15350877192982457 0.0014619883040935672 
0.05272108843537415 0.11734693877551021 0.0017006802721088435 0.16156462585034015 0.015306122448979591 0.11734693877551021 0.00510204081632653 0.5187074829931972 0.008503401360544218 0.0017006802721088435 
0.002074688796680498 0.002074688796680498 0.002074688796680498 0.006224066390041493 0.002074688796680498 0.006224066390041493 0.006224066390041493 0.002074688796680498 0.01867219917012448 0.9522821576763485 
0.002074688796680498 0.006224066390041493 0.002074688796680498 0.002074688796680498 0.002074688796680498 0.006224066390041493 0.002074688796680498 0.002074688796680498 0.002074688796680498 0.9730290456431535 
0.006666666666666667 0.2911111111111111 0.03333333333333333 0.12666666666666668 0.024444444444444446 0.07777777777777778 0.0022222222222222222 0.3977777777777778 0.03777777777777778 0.0022222222222222222 
0.009375 0.003125 0.871875 0.009375 0.003125 0.009375 0.015625 0.009375 0.003125 0.065625 
4.878048780487805E-4 4.878048780487805E-4 0.0014634146341463415 4.878048780487805E-4 4.878048780487805E-4 0.0024390243902439024 0.7282926829268292 0.14878048780487804 0.11658536585365854 4.878048780487805E-4 
0.017985611510791366 0.1474820143884892 0.0035971223021582736 0.23381294964028776 0.017985611510791366 0.0035971223021582736 0.5287769784172662 0.0035971223021582736 0.01079136690647482 0.03237410071942446 
0.003071253071253071 0.7782555282555282 0.02764127764127764 0.02027027027027027 0.003071253071253071 0.007985257985257985 0.08169533169533169 0.05221130221130221 0.0042997542997543 0.0214987714987715 
0.009259259259259259 0.7685185185185185 0.13271604938271606 0.046296296296296294 0.009259259259259259 0.0030864197530864196 0.009259259259259259 0.015432098765432098 0.0030864197530864196 0.0030864197530864196 
0.0031446540880503146 0.7515723270440252 0.21069182389937108 0.009433962264150943 0.0031446540880503146 0.0031446540880503146 0.0031446540880503146 0.0031446540880503146 0.009433962264150943 0.0031446540880503146 
0.005434782608695652 0.005434782608695652 0.02717391304347826 0.8858695652173914 0.005434782608695652 0.005434782608695652 0.005434782608695652 0.005434782608695652 0.005434782608695652 0.04891304347826087 
0.020361990950226245 0.01885369532428356 7.541478129713424E-4 0.06561085972850679 7.541478129713424E-4 0.083710407239819 0.5874811463046757 0.006787330316742082 0.2149321266968326 7.541478129713424E-4 
0.00847457627118644 0.08757062146892655 0.06497175141242938 0.002824858757062147 0.6242937853107344 0.00847457627118644 0.00847457627118644 0.002824858757062147 0.18926553672316385 0.002824858757062147 
0.7606232294617564 0.00141643059490085 0.043909348441926344 0.00141643059490085 0.00141643059490085 0.018413597733711047 0.15722379603399433 0.00141643059490085 0.00424929178470255 0.009915014164305949 
0.02096924510717614 0.013513513513513514 0.002329916123019571 0.0060577819198508855 0.008853681267474371 0.8010251630941286 0.002329916123019571 0.02842497670083877 0.0060577819198508855 0.11043802423112768 
0.0021008403361344537 0.0861344537815126 0.023109243697478993 0.03991596638655462 0.023109243697478993 0.014705882352941176 0.05672268907563025 0.0021008403361344537 0.0021008403361344537 0.75 
0.0015772870662460567 0.5220820189274448 0.03627760252365931 0.32018927444794953 0.014195583596214511 0.0015772870662460567 0.02365930599369085 0.06466876971608833 0.0015772870662460567 0.014195583596214511 
0.06578947368421052 0.09210526315789473 0.06578947368421052 0.6447368421052632 0.06578947368421052 0.013157894736842105 0.013157894736842105 0.013157894736842105 0.013157894736842105 0.013157894736842105 
0.00141643059490085 0.00141643059490085 0.009915014164305949 0.8852691218130312 0.00141643059490085 0.00141643059490085 0.060906515580736544 0.007082152974504249 0.007082152974504249 0.024079320113314446 
0.0037688442211055275 0.031407035175879394 0.9133165829145728 0.001256281407035176 0.001256281407035176 0.001256281407035176 0.028894472361809045 0.001256281407035176 0.00628140703517588 0.011306532663316583 
0.7353896103896104 0.01461038961038961 0.030844155844155844 0.06655844155844155 0.017857142857142856 0.09577922077922078 0.0016233766233766235 0.024350649350649352 0.00487012987012987 0.008116883116883116 
0.03252647503782148 0.01739788199697428 0.046142208774583963 0.0037821482602118004 0.0022692889561270802 0.0037821482602118004 0.28819969742813917 7.564296520423601E-4 7.564296520423601E-4 0.6043872919818457 
0.0017543859649122807 0.8017543859649123 0.02982456140350877 0.005263157894736842 0.005263157894736842 0.012280701754385965 0.01929824561403509 0.03684210526315789 0.07192982456140351 0.015789473684210527 
0.0016611295681063123 0.1378737541528239 0.044850498338870434 0.739202657807309 0.0049833887043189366 0.0016611295681063123 0.0049833887043189366 0.0016611295681063123 0.0049833887043189366 0.05813953488372093 
0.014970059880239521 0.014970059880239521 0.11676646706586827 0.811377245508982 0.0029940119760479044 0.014970059880239521 0.0029940119760479044 0.014970059880239521 0.0029940119760479044 0.0029940119760479044 
0.6203703703703703 0.021604938271604937 0.0030864197530864196 0.0030864197530864196 0.10802469135802469 0.18209876543209877 0.009259259259259259 0.021604938271604937 0.015432098765432098 0.015432098765432098 
0.011254019292604502 0.11736334405144695 0.02090032154340836 0.04662379421221865 0.545016077170418 0.001607717041800643 0.00482315112540193 0.2491961414790997 0.001607717041800643 0.001607717041800643 
0.047520661157024795 0.38636363636363635 0.002066115702479339 0.2706611570247934 0.1012396694214876 0.1012396694214876 0.002066115702479339 0.05165289256198347 0.002066115702479339 0.03512396694214876 
0.07060185185185185 0.5821759259259259 0.0011574074074074073 0.024305555555555556 0.005787037037037037 0.2604166666666667 0.0011574074074074073 0.01273148148148148 0.0011574074074074073 0.04050925925925926 
0.006944444444444444 0.006944444444444444 0.7291666666666666 0.13194444444444445 0.006944444444444444 0.006944444444444444 0.020833333333333332 0.04861111111111111 0.020833333333333332 0.020833333333333332 
0.001607717041800643 0.00482315112540193 0.7090032154340836 0.13665594855305466 0.02090032154340836 0.02090032154340836 0.014469453376205787 0.0819935691318328 0.00482315112540193 0.00482315112540193 
0.008928571428571428 0.008928571428571428 0.008928571428571428 0.7767857142857143 0.026785714285714284 0.008928571428571428 0.008928571428571428 0.008928571428571428 0.008928571428571428 0.13392857142857142 
0.48046875 0.00390625 0.0013020833333333333 0.01953125 0.21484375 0.16796875 0.03515625 0.032552083333333336 0.024739583333333332 0.01953125 
0.013761467889908258 0.013761467889908258 0.7752293577981652 0.03211009174311927 0.0045871559633027525 0.013761467889908258 0.0045871559633027525 0.0045871559633027525 0.013761467889908258 0.12385321100917432 
0.007936507936507936 0.007936507936507936 0.9285714285714286 0.007936507936507936 0.007936507936507936 0.007936507936507936 0.007936507936507936 0.007936507936507936 0.007936507936507936 0.007936507936507936 
0.002617801047120419 0.007853403141361256 0.9607329842931938 0.002617801047120419 0.013089005235602094 0.002617801047120419 0.002617801047120419 0.002617801047120419 0.002617801047120419 0.002617801047120419 
0.0013513513513513514 0.0013513513513513514 0.0013513513513513514 0.0013513513513513514 0.0013513513513513514 0.0013513513513513514 0.012162162162162163 0.004054054054054054 0.9743243243243244 0.0013513513513513514 
0.0015432098765432098 0.5540123456790124 0.020061728395061727 0.2854938271604938 0.007716049382716049 0.0015432098765432098 0.0015432098765432098 0.010802469135802469 0.11265432098765432 0.004629629629629629 
0.0029585798816568047 0.008875739644970414 0.026627218934911243 0.0029585798816568047 0.008875739644970414 0.15088757396449703 0.026627218934911243 0.11538461538461539 0.6242603550295858 0.03254437869822485 
0.0019305019305019305 0.0019305019305019305 0.005791505791505791 0.013513513513513514 0.009652509652509652 0.017374517374517374 0.009652509652509652 0.24517374517374518 0.666023166023166 0.02895752895752896 
0.0040650406504065045 0.036585365853658534 0.4105691056910569 0.45934959349593496 0.012195121951219513 0.0040650406504065045 0.0040650406504065045 0.0040650406504065045 0.012195121951219513 0.052845528455284556 
0.012396694214876033 0.02066115702479339 0.640495867768595 0.02066115702479339 0.05371900826446281 0.0371900826446281 0.004132231404958678 0.19421487603305784 0.004132231404958678 0.012396694214876033 
0.001976284584980237 0.037549407114624504 0.09683794466403162 0.12845849802371542 0.017786561264822136 0.045454545454545456 0.1324110671936759 0.5118577075098815 0.001976284584980237 0.025691699604743084 
0.0028089887640449437 0.025280898876404494 0.0028089887640449437 0.08707865168539326 0.008426966292134831 0.6544943820224719 0.1151685393258427 0.0028089887640449437 0.0028089887640449437 0.09831460674157304 
0.04607508532423208 0.08020477815699659 0.12116040955631399 0.07679180887372014 0.005119453924914676 0.01877133105802048 0.1962457337883959 0.025597269624573378 0.3839590443686007 0.04607508532423208 
0.0017301038062283738 0.00865051903114187 0.012110726643598616 0.02249134948096886 0.0017301038062283738 0.0017301038062283738 0.745674740484429 0.0017301038062283738 0.01903114186851211 0.185121107266436 
0.004166666666666667 0.004166666666666667 0.9458333333333333 0.004166666666666667 0.004166666666666667 0.004166666666666667 0.0125 0.0125 0.004166666666666667 0.004166666666666667 
0.0017730496453900709 0.0017730496453900709 0.973404255319149 0.0017730496453900709 0.0017730496453900709 0.0017730496453900709 0.0017730496453900709 0.0017730496453900709 0.012411347517730497 0.0017730496453900709 
0.005319148936170213 0.0017730496453900709 0.9698581560283688 0.0017730496453900709 0.0017730496453900709 0.0017730496453900709 0.005319148936170213 0.008865248226950355 0.0017730496453900709 0.0017730496453900709 
0.0017730496453900709 0.0017730496453900709 0.973404255319149 0.005319148936170213 0.008865248226950355 0.0017730496453900709 0.0017730496453900709 0.0017730496453900709 0.0017730496453900709 0.0017730496453900709 
0.02142857142857143 0.007142857142857143 0.8785714285714286 0.02142857142857143 0.02142857142857143 0.02142857142857143 0.007142857142857143 0.007142857142857143 0.007142857142857143 0.007142857142857143 
0.024344569288389514 0.020599250936329586 0.09176029962546817 0.17415730337078653 0.0056179775280898875 0.020599250936329586 0.09176029962546817 0.013108614232209739 0.08426966292134831 0.4737827715355805 
