0.036585365853658534 0.012195121951219513 0.012195121951219513 0.012195121951219513 0.012195121951219513 0.7439024390243902 0.012195121951219513 0.012195121951219513 0.036585365853658534 0.10975609756097561 
0.75 0.027777777777777776 0.027777777777777776 0.027777777777777776 0.027777777777777776 0.027777777777777776 0.027777777777777776 0.027777777777777776 0.027777777777777776 0.027777777777777776 
0.00819672131147541 0.05737704918032787 0.48360655737704916 0.02459016393442623 0.00819672131147541 0.3360655737704918 0.05737704918032787 0.00819672131147541 0.00819672131147541 0.00819672131147541 
0.021739130434782608 0.021739130434782608 0.06521739130434782 0.10869565217391304 0.06521739130434782 0.021739130434782608 0.06521739130434782 0.021739130434782608 0.021739130434782608 0.5869565217391305 
0.06521739130434782 0.021739130434782608 0.021739130434782608 0.06521739130434782 0.021739130434782608 0.021739130434782608 0.021739130434782608 0.06521739130434782 0.021739130434782608 0.6739130434782609 
0.04411764705882353 0.014705882352941176 0.014705882352941176 0.014705882352941176 0.04411764705882353 0.014705882352941176 0.04411764705882353 0.7794117647058824 0.014705882352941176 0.014705882352941176 
0.11206896551724138 0.02586206896551724 0.008620689655172414 0.0603448275862069 0.008620689655172414 0.7155172413793104 0.008620689655172414 0.008620689655172414 0.04310344827586207 0.008620689655172414 
0.25 0.05 0.05 0.05 0.05 0.15 0.05 0.15 0.15 0.05 
0.025 0.175 0.025 0.025 0.025 0.075 0.575 0.025 0.025 0.025 
0.140625 0.046875 0.015625 0.078125 0.015625 0.078125 0.515625 0.015625 0.078125 0.015625 
0.03125 0.03125 0.03125 0.03125 0.03125 0.71875 0.03125 0.03125 0.03125 0.03125 
0.07894736842105263 0.02631578947368421 0.07894736842105263 0.02631578947368421 0.07894736842105263 0.02631578947368421 0.18421052631578946 0.4473684210526316 0.02631578947368421 0.02631578947368421 
0.2647058823529412 0.029411764705882353 0.029411764705882353 0.029411764705882353 0.029411764705882353 0.029411764705882353 0.08823529411764706 0.029411764705882353 0.2647058823529412 0.20588235294117646 
0.1956521739130435 0.021739130434782608 0.021739130434782608 0.06521739130434782 0.021739130434782608 0.021739130434782608 0.021739130434782608 0.10869565217391304 0.2826086956521739 0.2391304347826087 
0.03125 0.03125 0.03125 0.03125 0.03125 0.71875 0.03125 0.03125 0.03125 0.03125 
0.025 0.025 0.025 0.025 0.675 0.075 0.025 0.025 0.075 0.025 
0.06521739130434782 0.06521739130434782 0.021739130434782608 0.021739130434782608 0.10869565217391304 0.021739130434782608 0.10869565217391304 0.41304347826086957 0.15217391304347827 0.021739130434782608 
0.014705882352941176 0.014705882352941176 0.5147058823529411 0.014705882352941176 0.014705882352941176 0.27941176470588236 0.07352941176470588 0.04411764705882353 0.014705882352941176 0.014705882352941176 
0.023809523809523808 0.023809523809523808 0.11904761904761904 0.11904761904761904 0.023809523809523808 0.023809523809523808 0.07142857142857142 0.11904761904761904 0.07142857142857142 0.40476190476190477 
0.03571428571428571 0.17857142857142858 0.17857142857142858 0.10714285714285714 0.10714285714285714 0.03571428571428571 0.10714285714285714 0.17857142857142858 0.03571428571428571 0.03571428571428571 
0.625 0.025 0.025 0.025 0.025 0.175 0.025 0.025 0.025 0.025 
0.14473684210526316 0.013157894736842105 0.013157894736842105 0.25 0.013157894736842105 0.09210526315789473 0.039473684210526314 0.19736842105263158 0.039473684210526314 0.19736842105263158 
0.0603448275862069 0.5086206896551724 0.0603448275862069 0.008620689655172414 0.07758620689655173 0.008620689655172414 0.09482758620689655 0.12931034482758622 0.008620689655172414 0.04310344827586207 
0.0873015873015873 0.2619047619047619 0.007936507936507936 0.42063492063492064 0.05555555555555555 0.03968253968253968 0.023809523809523808 0.07142857142857142 0.007936507936507936 0.023809523809523808 
0.013888888888888888 0.013888888888888888 0.013888888888888888 0.013888888888888888 0.013888888888888888 0.875 0.013888888888888888 0.013888888888888888 0.013888888888888888 0.013888888888888888 
0.10714285714285714 0.05952380952380952 0.011904761904761904 0.011904761904761904 0.27380952380952384 0.4166666666666667 0.011904761904761904 0.05952380952380952 0.011904761904761904 0.03571428571428571 
0.008928571428571428 0.13392857142857142 0.026785714285714284 0.11607142857142858 0.2767857142857143 0.008928571428571428 0.0625 0.3482142857142857 0.008928571428571428 0.008928571428571428 
0.027777777777777776 0.1388888888888889 0.08333333333333333 0.027777777777777776 0.08333333333333333 0.027777777777777776 0.027777777777777776 0.5277777777777778 0.027777777777777776 0.027777777777777776 
0.02631578947368421 0.02631578947368421 0.02631578947368421 0.02631578947368421 0.13157894736842105 0.02631578947368421 0.07894736842105263 0.2894736842105263 0.02631578947368421 0.34210526315789475 
0.025 0.025 0.025 0.025 0.025 0.125 0.475 0.075 0.175 0.025 
0.027777777777777776 0.19444444444444445 0.027777777777777776 0.1388888888888889 0.027777777777777776 0.027777777777777776 0.027777777777777776 0.4722222222222222 0.027777777777777776 0.027777777777777776 
0.03488372093023256 0.011627906976744186 0.05813953488372093 0.011627906976744186 0.10465116279069768 0.03488372093023256 0.011627906976744186 0.05813953488372093 0.011627906976744186 0.6627906976744186 
0.23684210526315788 0.23684210526315788 0.02631578947368421 0.02631578947368421 0.18421052631578946 0.07894736842105263 0.02631578947368421 0.07894736842105263 0.02631578947368421 0.07894736842105263 
0.09375 0.03125 0.03125 0.03125 0.03125 0.03125 0.65625 0.03125 0.03125 0.03125 
0.08823529411764706 0.14705882352941177 0.08823529411764706 0.029411764705882353 0.029411764705882353 0.029411764705882353 0.08823529411764706 0.08823529411764706 0.20588235294117646 0.20588235294117646 
0.11904761904761904 0.023809523809523808 0.023809523809523808 0.023809523809523808 0.023809523809523808 0.5952380952380952 0.023809523809523808 0.023809523809523808 0.07142857142857142 0.07142857142857142 
0.06521739130434782 0.021739130434782608 0.2826086956521739 0.3695652173913043 0.06521739130434782 0.021739130434782608 0.021739130434782608 0.021739130434782608 0.10869565217391304 0.021739130434782608 
0.38636363636363635 0.022727272727272728 0.06818181818181818 0.022727272727272728 0.38636363636363635 0.022727272727272728 0.022727272727272728 0.022727272727272728 0.022727272727272728 0.022727272727272728 
0.058333333333333334 0.09166666666666666 0.025 0.19166666666666668 0.025 0.008333333333333333 0.008333333333333333 0.058333333333333334 0.425 0.10833333333333334 
0.023809523809523808 0.023809523809523808 0.023809523809523808 0.023809523809523808 0.023809523809523808 0.07142857142857142 0.07142857142857142 0.023809523809523808 0.2619047619047619 0.4523809523809524 
0.125 0.125 0.025 0.025 0.025 0.025 0.025 0.175 0.425 0.025 
0.675 0.025 0.025 0.025 0.075 0.075 0.025 0.025 0.025 0.025 
0.03333333333333333 0.43333333333333335 0.2111111111111111 0.12222222222222222 0.011111111111111112 0.011111111111111112 0.011111111111111112 0.03333333333333333 0.05555555555555555 0.07777777777777778 
0.18421052631578946 0.02631578947368421 0.02631578947368421 0.07894736842105263 0.23684210526315788 0.02631578947368421 0.13157894736842105 0.02631578947368421 0.07894736842105263 0.18421052631578946 
0.7352941176470589 0.029411764705882353 0.029411764705882353 0.029411764705882353 0.029411764705882353 0.029411764705882353 0.029411764705882353 0.029411764705882353 0.029411764705882353 0.029411764705882353 
0.19166666666666668 0.008333333333333333 0.2916666666666667 0.008333333333333333 0.041666666666666664 0.10833333333333334 0.275 0.041666666666666664 0.008333333333333333 0.025 
0.11904761904761904 0.023809523809523808 0.023809523809523808 0.07142857142857142 0.023809523809523808 0.023809523809523808 0.30952380952380953 0.35714285714285715 0.023809523809523808 0.023809523809523808 
0.023809523809523808 0.023809523809523808 0.023809523809523808 0.7380952380952381 0.023809523809523808 0.023809523809523808 0.023809523809523808 0.07142857142857142 0.023809523809523808 0.023809523809523808 
0.023809523809523808 0.023809523809523808 0.07142857142857142 0.6904761904761905 0.023809523809523808 0.023809523809523808 0.023809523809523808 0.07142857142857142 0.023809523809523808 0.023809523809523808 
0.04411764705882353 0.014705882352941176 0.04411764705882353 0.07352941176470588 0.014705882352941176 0.014705882352941176 0.014705882352941176 0.75 0.014705882352941176 0.014705882352941176 
0.013157894736842105 0.17105263157894737 0.013157894736842105 0.013157894736842105 0.039473684210526314 0.013157894736842105 0.013157894736842105 0.2236842105263158 0.4868421052631579 0.013157894736842105 
