0.00909090909090909 0.034545454545454546 0.06363636363636363 0.07454545454545454 0.0018181818181818182 0.09272727272727273 0.35454545454545455 0.28545454545454546 0.038181818181818185 0.045454545454545456 
0.05367231638418079 0.031073446327683617 0.03672316384180791 0.02919020715630885 0.11581920903954802 0.03483992467043315 0.6073446327683616 9.416195856873823E-4 0.08757062146892655 0.002824858757062147 
0.3958333333333333 0.018055555555555554 0.004166666666666667 0.001388888888888889 0.05138888888888889 0.25972222222222224 0.12916666666666668 0.10694444444444444 0.001388888888888889 0.03194444444444444 
0.0755813953488372 0.12209302325581395 0.06395348837209303 0.06395348837209303 0.4127906976744186 0.1686046511627907 0.040697674418604654 0.040697674418604654 0.005813953488372093 0.005813953488372093 
0.0026041666666666665 0.028645833333333332 0.0026041666666666665 0.15364583333333334 0.0078125 0.06510416666666667 0.3828125 0.3255208333333333 0.013020833333333334 0.018229166666666668 
0.006097560975609756 0.17005420054200543 6.775067750677507E-4 0.1429539295392954 0.008807588075880758 0.04403794037940379 0.17276422764227642 0.0033875338753387536 0.14159891598915988 0.30962059620596205 
0.0021645021645021645 0.0021645021645021645 0.006493506493506494 0.010822510822510822 0.0021645021645021645 0.006493506493506494 0.49567099567099565 0.30952380952380953 0.16233766233766234 0.0021645021645021645 
0.28106060606060607 0.003787878787878788 7.575757575757576E-4 7.575757575757576E-4 7.575757575757576E-4 0.07348484848484849 0.3098484848484849 0.13863636363636364 0.18712121212121213 0.003787878787878788 
0.00436046511627907 0.007267441860465116 0.00436046511627907 0.0014534883720930232 0.0014534883720930232 0.0014534883720930232 0.1119186046511628 0.19622093023255813 0.6700581395348837 0.0014534883720930232 
0.004629629629629629 0.004629629629629629 0.004629629629629629 0.004629629629629629 0.004629629629629629 0.004629629629629629 0.004629629629629629 0.38425925925925924 0.5509259259259259 0.032407407407407406 
0.006329113924050633 0.0189873417721519 0.006329113924050633 0.006329113924050633 0.006329113924050633 0.006329113924050633 0.006329113924050633 0.006329113924050633 0.930379746835443 0.006329113924050633 
8.333333333333334E-4 0.005833333333333334 0.014166666666666666 8.333333333333334E-4 0.004166666666666667 0.0025 0.5625 0.3075 0.0925 0.009166666666666667 
0.40625 0.11458333333333333 0.03125 0.07291666666666667 0.07291666666666667 0.010416666666666666 0.052083333333333336 0.052083333333333336 0.11458333333333333 0.07291666666666667 
9.293680297397769E-4 0.008364312267657992 0.039962825278810406 0.008364312267657992 9.293680297397769E-4 9.293680297397769E-4 0.3447955390334573 0.4767657992565056 0.11617100371747212 0.0027881040892193307 
0.001519756838905775 0.004559270516717325 0.007598784194528876 0.001519756838905775 0.001519756838905775 0.001519756838905775 0.007598784194528876 0.9559270516717325 0.013677811550151976 0.004559270516717325 
0.0016666666666666668 0.0016666666666666668 0.0016666666666666668 0.0016666666666666668 0.005 0.0016666666666666668 0.0016666666666666668 0.9483333333333334 0.03166666666666667 0.005 
0.014976958525345621 0.0034562211981566822 0.001152073732718894 0.04262672811059908 0.02880184331797235 0.4965437788018433 0.2730414746543779 0.03110599078341014 0.056451612903225805 0.05184331797235023 
0.001851851851851852 0.001851851851851852 0.001851851851851852 0.39814814814814814 0.001851851851851852 0.001851851851851852 0.5833333333333334 0.005555555555555556 0.001851851851851852 0.001851851851851852 
0.0018587360594795538 0.0018587360594795538 0.0018587360594795538 0.41821561338289964 0.0018587360594795538 0.0018587360594795538 0.5669144981412639 0.0018587360594795538 0.0018587360594795538 0.0018587360594795538 
0.002857142857142857 0.03333333333333333 0.010476190476190476 0.014285714285714285 0.6104761904761905 0.17047619047619048 0.1019047619047619 0.008571428571428572 0.03142857142857143 0.01619047619047619 
0.0033333333333333335 0.0033333333333333335 0.01 0.95 0.01 0.0033333333333333335 0.01 0.0033333333333333335 0.0033333333333333335 0.0033333333333333335 
0.003289473684210526 0.003289473684210526 0.003289473684210526 0.7467105263157895 0.009868421052631578 0.003289473684210526 0.009868421052631578 0.20723684210526316 0.009868421052631578 0.003289473684210526 
0.0027472527472527475 0.06868131868131869 0.0027472527472527475 0.739010989010989 0.0027472527472527475 0.0027472527472527475 0.1620879120879121 0.0027472527472527475 0.0027472527472527475 0.013736263736263736 
0.01134020618556701 0.08556701030927835 0.03402061855670103 0.1824742268041237 0.277319587628866 0.20515463917525772 0.15979381443298968 0.0010309278350515464 0.0010309278350515464 0.042268041237113405 
0.006650544135429262 0.10701330108827085 6.045949214026602E-4 0.035671100362756954 0.5665054413542926 0.1396614268440145 6.045949214026602E-4 0.13119709794437726 0.005441354292623942 0.006650544135429262 
2.6867275658248256E-4 2.6867275658248256E-4 0.0045674368619022035 0.0024180548092423426 0.017463729177861365 0.9089199355185384 0.007254164427727029 0.03680816765180011 2.6867275658248256E-4 0.021762493283181087 
0.0274869109947644 0.25523560209424084 0.0013089005235602095 0.2107329842931937 0.04842931937172775 0.03795811518324607 0.006544502617801047 0.40706806282722513 0.0013089005235602095 0.003926701570680628 
0.0014619883040935672 0.04239766081871345 0.07163742690058479 0.054093567251461985 0.0014619883040935672 0.0014619883040935672 0.05701754385964912 0.685672514619883 0.08333333333333333 0.0014619883040935672 
0.0017006802721088435 0.11734693877551021 0.04251700680272109 0.15136054421768708 0.011904761904761904 0.1377551020408163 0.0017006802721088435 0.5153061224489796 0.0017006802721088435 0.01870748299319728 
0.002074688796680498 0.002074688796680498 0.002074688796680498 0.006224066390041493 0.002074688796680498 0.01037344398340249 0.002074688796680498 0.002074688796680498 0.002074688796680498 0.9688796680497925 
0.002074688796680498 0.006224066390041493 0.002074688796680498 0.002074688796680498 0.006224066390041493 0.002074688796680498 0.002074688796680498 0.002074688796680498 0.002074688796680498 0.9730290456431535 
0.015555555555555555 0.1622222222222222 0.024444444444444446 0.11777777777777777 0.02 0.12222222222222222 0.015555555555555555 0.4688888888888889 0.042222222222222223 0.011111111111111112 
0.003125 0.003125 0.759375 0.165625 0.009375 0.003125 0.015625 0.021875 0.015625 0.003125 
4.878048780487805E-4 4.878048780487805E-4 0.014146341463414635 0.0014634146341463415 0.0024390243902439024 4.878048780487805E-4 0.6463414634146342 0.17902439024390243 0.14 0.015121951219512195 
0.0035971223021582736 0.18345323741007194 0.0035971223021582736 0.16906474820143885 0.025179856115107913 0.01079136690647482 0.564748201438849 0.01079136690647482 0.0035971223021582736 0.025179856115107913 
6.142506142506142E-4 0.7745700245700246 0.03132678132678133 0.007985257985257985 0.0042997542997543 0.009213759213759214 0.11486486486486487 0.04484029484029484 6.142506142506142E-4 0.01167076167076167 
0.0030864197530864196 0.8796296296296297 0.027777777777777776 0.07098765432098765 0.0030864197530864196 0.0030864197530864196 0.0030864197530864196 0.0030864197530864196 0.0030864197530864196 0.0030864197530864196 
0.009433962264150943 0.8270440251572327 0.03459119496855346 0.10377358490566038 0.0031446540880503146 0.0031446540880503146 0.0031446540880503146 0.009433962264150943 0.0031446540880503146 0.0031446540880503146 
0.005434782608695652 0.016304347826086956 0.005434782608695652 0.875 0.005434782608695652 0.02717391304347826 0.005434782608695652 0.03804347826086957 0.005434782608695652 0.016304347826086956 
7.541478129713424E-4 0.026395173453996983 7.541478129713424E-4 0.06561085972850679 0.024886877828054297 0.07164404223227752 0.6146304675716441 0.017345399698340876 0.16515837104072398 0.01282051282051282 
0.002824858757062147 0.059322033898305086 0.00847457627118644 0.08192090395480225 0.6638418079096046 0.014124293785310734 0.059322033898305086 0.014124293785310734 0.09322033898305085 0.002824858757062147 
0.6841359773371105 0.00424929178470255 0.032577903682719546 0.00141643059490085 0.00141643059490085 0.024079320113314446 0.20538243626062322 0.00141643059490085 0.021246458923512748 0.024079320113314446 
0.005125815470643057 0.0060577819198508855 4.6598322460391424E-4 0.005125815470643057 0.031220876048462257 0.8383038210624417 0.008853681267474371 0.0032618825722274 0.0097856477166822 0.09179869524697111 
0.0063025210084033615 0.018907563025210083 0.0063025210084033615 0.03571428571428571 0.0063025210084033615 0.11974789915966387 0.0819327731092437 0.0021008403361344537 0.01050420168067227 0.7121848739495799 
0.0015772870662460567 0.6577287066246057 0.03943217665615142 0.24132492113564669 0.007886435331230283 0.02365930599369085 0.011041009463722398 0.014195583596214511 0.0015772870662460567 0.0015772870662460567 
0.013157894736842105 0.013157894736842105 0.06578947368421052 0.5131578947368421 0.013157894736842105 0.013157894736842105 0.3026315789473684 0.013157894736842105 0.039473684210526314 0.013157894736842105 
0.00141643059490085 0.00424929178470255 0.043909348441926344 0.8852691218130312 0.00141643059490085 0.00141643059490085 0.05240793201133145 0.00141643059490085 0.00141643059490085 0.007082152974504249 
0.0037688442211055275 0.008793969849246231 0.8982412060301508 0.0037688442211055275 0.001256281407035176 0.0037688442211055275 0.06909547738693467 0.001256281407035176 0.008793969849246231 0.001256281407035176 
0.6931818181818182 0.0016233766233766235 0.017857142857142856 0.1444805194805195 0.030844155844155844 0.09902597402597403 0.008116883116883116 0.0016233766233766235 0.0016233766233766235 0.0016233766233766235 
0.04462934947049924 0.0022692889561270802 0.02042360060514372 7.564296520423601E-4 0.00680786686838124 0.0022692889561270802 0.2821482602118003 0.02042360060514372 7.564296520423601E-4 0.6195158850226928 
0.0017543859649122807 0.8017543859649123 0.008771929824561403 0.0017543859649122807 0.0017543859649122807 0.008771929824561403 0.04736842105263158 0.01929824561403509 0.09649122807017543 0.012280701754385965 
0.0016611295681063123 0.07142857142857142 0.011627906976744186 0.7425249169435216 0.0049833887043189366 0.0016611295681063123 0.15448504983388706 0.0016611295681063123 0.0016611295681063123 0.008305647840531562 
0.0029940119760479044 0.0029940119760479044 0.1467065868263473 0.7934131736526946 0.0029940119760479044 0.014970059880239521 0.0029940119760479044 0.02694610778443114 0.0029940119760479044 0.0029940119760479044 
0.6759259259259259 0.0030864197530864196 0.0030864197530864196 0.009259259259259259 0.08333333333333333 0.1882716049382716 0.0030864197530864196 0.0030864197530864196 0.015432098765432098 0.015432098765432098 
0.001607717041800643 0.14308681672025725 0.03697749196141479 0.001607717041800643 0.5289389067524116 0.00482315112540193 0.00482315112540193 0.27491961414790994 0.001607717041800643 0.001607717041800643 
0.0640495867768595 0.44834710743801653 0.11776859504132231 0.20041322314049587 0.08471074380165289 0.0640495867768595 0.002066115702479339 0.010330578512396695 0.002066115702479339 0.006198347107438017 
0.03356481481481482 0.48032407407407407 0.005787037037037037 0.01273148148148148 0.06597222222222222 0.27662037037037035 0.017361111111111112 0.04050925925925926 0.0011574074074074073 0.06597222222222222 
0.006944444444444444 0.0625 0.7430555555555556 0.09027777777777778 0.006944444444444444 0.020833333333333332 0.020833333333333332 0.034722222222222224 0.006944444444444444 0.006944444444444444 
0.00482315112540193 0.03697749196141479 0.6864951768488746 0.08842443729903537 0.00482315112540193 0.04340836012861737 0.05305466237942122 0.07234726688102894 0.00482315112540193 0.00482315112540193 
0.008928571428571428 0.008928571428571428 0.026785714285714284 0.7053571428571429 0.044642857142857144 0.026785714285714284 0.008928571428571428 0.008928571428571428 0.008928571428571428 0.15178571428571427 
0.3919270833333333 0.016927083333333332 0.0013020833333333333 0.022135416666666668 0.25390625 0.23046875 0.048177083333333336 0.0013020833333333333 0.01953125 0.014322916666666666 
0.05045871559633028 0.013761467889908258 0.7568807339449541 0.0045871559633027525 0.0045871559633027525 0.0045871559633027525 0.022935779816513763 0.0045871559633027525 0.0045871559633027525 0.13302752293577982 
0.007936507936507936 0.023809523809523808 0.9126984126984127 0.007936507936507936 0.007936507936507936 0.007936507936507936 0.007936507936507936 0.007936507936507936 0.007936507936507936 0.007936507936507936 
0.002617801047120419 0.028795811518324606 0.9450261780104712 0.007853403141361256 0.002617801047120419 0.002617801047120419 0.002617801047120419 0.002617801047120419 0.002617801047120419 0.002617801047120419 
0.0013513513513513514 0.006756756756756757 0.0013513513513513514 0.004054054054054054 0.0013513513513513514 0.0013513513513513514 0.033783783783783786 0.00945945945945946 0.9391891891891891 0.0013513513513513514 
0.047839506172839504 0.5848765432098766 0.0015432098765432098 0.1743827160493827 0.010802469135802469 0.0015432098765432098 0.0015432098765432098 0.007716049382716049 0.14660493827160495 0.023148148148148147 
0.014792899408284023 0.0029585798816568047 0.008875739644970414 0.0029585798816568047 0.03254437869822485 0.1863905325443787 0.008875739644970414 0.12721893491124261 0.6124260355029586 0.0029585798816568047 
0.0019305019305019305 0.0019305019305019305 0.021235521235521235 0.0019305019305019305 0.009652509652509652 0.017374517374517374 0.032818532818532815 0.22972972972972974 0.6274131274131274 0.055984555984555984 
0.0040650406504065045 0.044715447154471545 0.3048780487804878 0.532520325203252 0.044715447154471545 0.012195121951219513 0.0040650406504065045 0.02032520325203252 0.02032520325203252 0.012195121951219513 
0.004132231404958678 0.0371900826446281 0.6487603305785123 0.045454545454545456 0.0371900826446281 0.0371900826446281 0.012396694214876033 0.13636363636363635 0.028925619834710745 0.012396694214876033 
0.001976284584980237 0.116600790513834 0.06521739130434782 0.09683794466403162 0.01383399209486166 0.01383399209486166 0.17984189723320157 0.4841897233201581 0.001976284584980237 0.025691699604743084 
0.07584269662921349 0.008426966292134831 0.0028089887640449437 0.042134831460674156 0.008426966292134831 0.6769662921348315 0.12078651685393259 0.0028089887640449437 0.0028089887640449437 0.05898876404494382 
0.042662116040955635 0.015358361774744027 0.16552901023890784 0.04607508532423208 0.005119453924914676 0.04607508532423208 0.2713310580204778 0.02901023890784983 0.3532423208191126 0.025597269624573378 
0.005190311418685121 0.005190311418685121 0.005190311418685121 0.01903114186851211 0.005190311418685121 0.0017301038062283738 0.7076124567474048 0.0017301038062283738 0.005190311418685121 0.24394463667820068 
0.004166666666666667 0.0125 0.9375 0.004166666666666667 0.004166666666666667 0.004166666666666667 0.004166666666666667 0.020833333333333332 0.004166666666666667 0.004166666666666667 
0.0017730496453900709 0.0017730496453900709 0.9804964539007093 0.0017730496453900709 0.0017730496453900709 0.0017730496453900709 0.005319148936170213 0.0017730496453900709 0.0017730496453900709 0.0017730496453900709 
0.0017730496453900709 0.0017730496453900709 0.9840425531914894 0.0017730496453900709 0.0017730496453900709 0.0017730496453900709 0.0017730496453900709 0.0017730496453900709 0.0017730496453900709 0.0017730496453900709 
0.0017730496453900709 0.0017730496453900709 0.9769503546099291 0.0017730496453900709 0.0017730496453900709 0.0017730496453900709 0.005319148936170213 0.005319148936170213 0.0017730496453900709 0.0017730496453900709 
0.007142857142857143 0.02142857142857143 0.8785714285714286 0.007142857142857143 0.007142857142857143 0.02142857142857143 0.007142857142857143 0.007142857142857143 0.007142857142857143 0.03571428571428571 
0.054307116104868915 0.06554307116104868 0.09550561797752809 0.16666666666666666 0.009363295880149813 0.020599250936329586 0.12172284644194757 0.06554307116104868 0.009363295880149813 0.3913857677902622 
