0.012727272727272728 0.06363636363636363 0.0018181818181818182 0.07818181818181819 0.012727272727272728 0.07090909090909091 0.38727272727272727 0.22727272727272727 0.06363636363636363 0.08181818181818182 
0.01224105461393597 0.023540489642184557 0.014124293785310734 0.04990583804143126 0.10451977401129943 0.0856873822975518 0.603578154425612 0.025423728813559324 0.0800376647834275 9.416195856873823E-4 
0.43194444444444446 0.015277777777777777 0.009722222222222222 0.001388888888888889 0.09583333333333334 0.18472222222222223 0.14305555555555555 0.0875 0.001388888888888889 0.029166666666666667 
0.27325581395348836 0.14534883720930233 0.040697674418604654 0.040697674418604654 0.3081395348837209 0.13372093023255813 0.029069767441860465 0.01744186046511628 0.005813953488372093 0.005813953488372093 
0.0078125 0.08072916666666667 0.0026041666666666665 0.12239583333333333 0.0546875 0.033854166666666664 0.3932291666666667 0.2890625 0.013020833333333334 0.0026041666666666665 
0.0020325203252032522 0.18224932249322492 0.007452574525745257 0.18631436314363142 6.775067750677507E-4 0.0020325203252032522 0.25 0.0047425474254742545 0.11043360433604336 0.2540650406504065 
0.0021645021645021645 0.0021645021645021645 0.006493506493506494 0.04112554112554113 0.0021645021645021645 0.0021645021645021645 0.512987012987013 0.2532467532467532 0.17532467532467533 0.0021645021645021645 
0.35075757575757577 7.575757575757576E-4 7.575757575757576E-4 7.575757575757576E-4 0.003787878787878788 0.0659090909090909 0.26590909090909093 0.15984848484848485 0.15075757575757576 7.575757575757576E-4 
0.00436046511627907 0.00436046511627907 0.00436046511627907 0.0014534883720930232 0.007267441860465116 0.0014534883720930232 0.12936046511627908 0.1555232558139535 0.690406976744186 0.0014534883720930232 
0.004629629629629629 0.004629629629629629 0.004629629629629629 0.004629629629629629 0.004629629629629629 0.004629629629629629 0.023148148148148147 0.3101851851851852 0.6342592592592593 0.004629629629629629 
0.006329113924050633 0.006329113924050633 0.006329113924050633 0.006329113924050633 0.006329113924050633 0.006329113924050633 0.0189873417721519 0.006329113924050633 0.930379746835443 0.006329113924050633 
0.0025 0.0075 0.004166666666666667 8.333333333333334E-4 8.333333333333334E-4 0.005833333333333334 0.5841666666666666 0.21583333333333332 0.17583333333333334 0.0025 
0.17708333333333334 0.010416666666666666 0.010416666666666666 0.010416666666666666 0.010416666666666666 0.052083333333333336 0.03125 0.010416666666666666 0.6145833333333334 0.07291666666666667 
9.293680297397769E-4 0.03438661710037175 0.03438661710037175 0.004646840148698885 0.0027881040892193307 9.293680297397769E-4 0.40055762081784385 0.3503717472118959 0.16821561338289961 0.0027881040892193307 
0.001519756838905775 0.001519756838905775 0.001519756838905775 0.001519756838905775 0.001519756838905775 0.001519756838905775 0.007598784194528876 0.9376899696048632 0.041033434650455926 0.004559270516717325 
0.0016666666666666668 0.0016666666666666668 0.005 0.005 0.0016666666666666668 0.0016666666666666668 0.0016666666666666668 0.9283333333333333 0.051666666666666666 0.0016666666666666668 
0.001152073732718894 0.010368663594470046 0.001152073732718894 0.021889400921658985 0.001152073732718894 0.5057603686635944 0.3283410138248848 0.014976958525345621 0.08640552995391705 0.02880184331797235 
0.001851851851851852 0.001851851851851852 0.001851851851851852 0.48333333333333334 0.001851851851851852 0.001851851851851852 0.5018518518518519 0.001851851851851852 0.001851851851851852 0.001851851851851852 
0.0018587360594795538 0.0018587360594795538 0.013011152416356878 0.47026022304832715 0.00929368029739777 0.0018587360594795538 0.49256505576208176 0.0055762081784386614 0.0018587360594795538 0.0018587360594795538 
9.523809523809524E-4 0.02761904761904762 0.012380952380952381 0.05047619047619047 0.6047619047619047 0.1438095238095238 0.13238095238095238 9.523809523809524E-4 0.008571428571428572 0.018095238095238095 
0.0033333333333333335 0.01 0.01 0.9566666666666667 0.0033333333333333335 0.0033333333333333335 0.0033333333333333335 0.0033333333333333335 0.0033333333333333335 0.0033333333333333335 
0.003289473684210526 0.003289473684210526 0.003289473684210526 0.7467105263157895 0.003289473684210526 0.003289473684210526 0.009868421052631578 0.2138157894736842 0.009868421052631578 0.003289473684210526 
0.013736263736263736 0.12362637362637363 0.008241758241758242 0.739010989010989 0.013736263736263736 0.0027472527472527475 0.09065934065934066 0.0027472527472527475 0.0027472527472527475 0.0027472527472527475 
0.003092783505154639 0.12061855670103093 0.029896907216494847 0.17216494845360825 0.31237113402061856 0.14329896907216494 0.12061855670103093 0.03608247422680412 0.0010309278350515464 0.060824742268041236 
6.045949214026602E-4 0.08403869407496976 0.013905683192261185 0.02720677146311971 0.5435308343409916 0.21946795646916567 6.045949214026602E-4 0.08282950423216445 6.045949214026602E-4 0.02720677146311971 
0.0018807092960773778 8.060182697474476E-4 0.01262761955937668 0.0018807092960773778 0.021762493283181087 0.8981730252552391 0.012090274046211715 0.022837184309511014 0.0013433637829124126 0.026598602901665772 
0.003926701570680628 0.30497382198952877 0.003926701570680628 0.17146596858638743 0.18717277486910994 0.0274869109947644 0.0013089005235602095 0.28664921465968585 0.011780104712041885 0.0013089005235602095 
0.013157894736842105 0.0804093567251462 0.0043859649122807015 0.04824561403508772 0.013157894736842105 0.03070175438596491 0.0014619883040935672 0.6739766081871345 0.13304093567251463 0.0014619883040935672 
0.0391156462585034 0.08333333333333333 0.05612244897959184 0.18537414965986396 0.13435374149659865 0.07653061224489796 0.00510204081632653 0.39965986394557823 0.01870748299319728 0.0017006802721088435 
0.006224066390041493 0.002074688796680498 0.002074688796680498 0.006224066390041493 0.002074688796680498 0.002074688796680498 0.002074688796680498 0.002074688796680498 0.002074688796680498 0.9730290456431535 
0.002074688796680498 0.002074688796680498 0.002074688796680498 0.002074688796680498 0.006224066390041493 0.002074688796680498 0.01037344398340249 0.002074688796680498 0.002074688796680498 0.9688796680497925 
0.024444444444444446 0.19333333333333333 0.0022222222222222222 0.11777777777777777 0.015555555555555555 0.12222222222222222 0.0022222222222222222 0.43777777777777777 0.08222222222222222 0.0022222222222222222 
0.003125 0.003125 0.796875 0.128125 0.003125 0.003125 0.028125 0.009375 0.003125 0.021875 
4.878048780487805E-4 0.014146341463414635 4.878048780487805E-4 4.878048780487805E-4 4.878048780487805E-4 4.878048780487805E-4 0.6551219512195122 0.17609756097560975 0.14292682926829267 0.009268292682926829 
0.01079136690647482 0.17625899280575538 0.0035971223021582736 0.24820143884892087 0.0035971223021582736 0.01079136690647482 0.5287769784172662 0.0035971223021582736 0.0035971223021582736 0.01079136690647482 
0.01167076167076167 0.7917690417690417 0.02027027027027027 0.022727272727272728 0.0018427518427518428 0.009213759213759214 0.11363636363636363 0.019041769041769043 0.0042997542997543 0.005528255528255528 
0.009259259259259259 0.7006172839506173 0.13271604938271606 0.10802469135802469 0.0030864197530864196 0.0030864197530864196 0.009259259259259259 0.015432098765432098 0.015432098765432098 0.0030864197530864196 
0.0031446540880503146 0.7264150943396226 0.14150943396226415 0.09748427672955975 0.0031446540880503146 0.009433962264150943 0.0031446540880503146 0.0031446540880503146 0.009433962264150943 0.0031446540880503146 
0.005434782608695652 0.005434782608695652 0.005434782608695652 0.8967391304347826 0.005434782608695652 0.005434782608695652 0.005434782608695652 0.02717391304347826 0.005434782608695652 0.03804347826086957 
7.541478129713424E-4 0.0022624434389140274 0.006787330316742082 0.10180995475113122 0.005279034690799397 0.07767722473604827 0.6357466063348416 0.008295625942684766 0.16063348416289594 7.541478129713424E-4 
0.002824858757062147 0.059322033898305086 0.00847457627118644 0.09322033898305085 0.6638418079096046 0.014124293785310734 0.01977401129943503 0.002824858757062147 0.12146892655367232 0.014124293785310734 
0.7521246458923513 0.00141643059490085 0.032577903682719546 0.009915014164305949 0.00141643059490085 0.026912181303116147 0.15439093484419264 0.00141643059490085 0.00424929178470255 0.015580736543909348 
0.0060577819198508855 0.011649580615097856 4.6598322460391424E-4 0.006989748369058714 0.011649580615097856 0.8299161230195713 0.018173345759552657 0.017241379310344827 4.6598322460391424E-4 0.09739049394221808 
0.0021008403361344537 0.023109243697478993 0.014705882352941176 0.018907563025210083 0.0021008403361344537 0.1407563025210084 0.12815126050420167 0.018907563025210083 0.0273109243697479 0.6239495798319328 
0.0015772870662460567 0.582018927444795 0.03943217665615142 0.3138801261829653 0.0015772870662460567 0.014195583596214511 0.00473186119873817 0.026813880126182965 0.00473186119873817 0.011041009463722398 
0.11842105263157894 0.039473684210526314 0.2236842105263158 0.4342105263157895 0.06578947368421052 0.013157894736842105 0.06578947368421052 0.013157894736842105 0.013157894736842105 0.013157894736842105 
0.00141643059490085 0.007082152974504249 0.021246458923512748 0.8852691218130312 0.00141643059490085 0.00141643059490085 0.060906515580736544 0.00424929178470255 0.015580736543909348 0.00141643059490085 
0.011306532663316583 0.016331658291457288 0.8982412060301508 0.008793969849246231 0.0037688442211055275 0.001256281407035176 0.04648241206030151 0.001256281407035176 0.001256281407035176 0.011306532663316583 
0.689935064935065 0.0016233766233766235 0.00487012987012987 0.09253246753246754 0.04383116883116883 0.09253246753246754 0.024350649350649352 0.040584415584415584 0.008116883116883116 0.0016233766233766235 
0.04311649016641452 0.02042360060514372 0.04462934947049924 0.0022692889561270802 0.0037821482602118004 0.00529500756429652 0.2700453857791225 0.0037821482602118004 7.564296520423601E-4 0.6059001512859304 
0.0017543859649122807 0.7771929824561403 0.012280701754385965 0.02631578947368421 0.005263157894736842 0.054385964912280704 0.05087719298245614 0.0017543859649122807 0.06842105263157895 0.0017543859649122807 
0.0016611295681063123 0.1079734219269103 0.03820598006644518 0.7358803986710963 0.0049833887043189366 0.011627906976744186 0.08471760797342193 0.0049833887043189366 0.0016611295681063123 0.008305647840531562 
0.03293413173652695 0.0688622754491018 0.10479041916167664 0.7694610778443114 0.0029940119760479044 0.0029940119760479044 0.0029940119760479044 0.0029940119760479044 0.008982035928143712 0.0029940119760479044 
0.6820987654320988 0.0030864197530864196 0.0030864197530864196 0.0030864197530864196 0.027777777777777776 0.19444444444444445 0.0030864197530864196 0.033950617283950615 0.0030864197530864196 0.046296296296296294 
0.001607717041800643 0.07234726688102894 0.001607717041800643 0.027331189710610933 0.5289389067524116 0.00482315112540193 0.001607717041800643 0.35852090032154343 0.001607717041800643 0.001607717041800643 
0.06818181818181818 0.36983471074380164 0.0640495867768595 0.22107438016528927 0.1797520661157025 0.07644628099173553 0.006198347107438017 0.002066115702479339 0.002066115702479339 0.010330578512396695 
0.024305555555555556 0.4849537037037037 0.003472222222222222 0.04282407407407408 0.052083333333333336 0.27662037037037035 0.015046296296296295 0.047453703703703706 0.003472222222222222 0.04976851851851852 
0.006944444444444444 0.020833333333333332 0.7708333333333334 0.11805555555555555 0.006944444444444444 0.006944444444444444 0.020833333333333332 0.006944444444444444 0.034722222222222224 0.006944444444444444 
0.00482315112540193 0.09485530546623794 0.657556270096463 0.07877813504823152 0.014469453376205787 0.03054662379421222 0.04019292604501608 0.06913183279742766 0.008038585209003215 0.001607717041800643 
0.008928571428571428 0.026785714285714284 0.008928571428571428 0.8839285714285714 0.008928571428571428 0.008928571428571428 0.008928571428571428 0.008928571428571428 0.008928571428571428 0.026785714285714284 
0.3424479166666667 0.00390625 0.009114583333333334 0.009114583333333334 0.3606770833333333 0.18619791666666666 0.02734375 0.0013020833333333333 0.02734375 0.032552083333333336 
0.013761467889908258 0.022935779816513763 0.8394495412844036 0.03211009174311927 0.0045871559633027525 0.0045871559633027525 0.0045871559633027525 0.0045871559633027525 0.013761467889908258 0.05963302752293578 
0.007936507936507936 0.007936507936507936 0.9285714285714286 0.007936507936507936 0.007936507936507936 0.007936507936507936 0.007936507936507936 0.007936507936507936 0.007936507936507936 0.007936507936507936 
0.007853403141361256 0.002617801047120419 0.9712041884816754 0.002617801047120419 0.002617801047120419 0.002617801047120419 0.002617801047120419 0.002617801047120419 0.002617801047120419 0.002617801047120419 
0.006756756756756757 0.004054054054054054 0.004054054054054054 0.004054054054054054 0.0013513513513513514 0.0013513513513513514 0.0013513513513513514 0.004054054054054054 0.9716216216216216 0.0013513513513513514 
0.035493827160493825 0.5756172839506173 0.0015432098765432098 0.2638888888888889 0.0015432098765432098 0.010802469135802469 0.004629629629629629 0.0015432098765432098 0.10339506172839506 0.0015432098765432098 
0.0029585798816568047 0.008875739644970414 0.038461538461538464 0.0029585798816568047 0.020710059171597635 0.21597633136094674 0.0029585798816568047 0.014792899408284023 0.6893491124260355 0.0029585798816568047 
0.021235521235521235 0.04826254826254826 0.0019305019305019305 0.009652509652509652 0.005791505791505791 0.0019305019305019305 0.017374517374517374 0.18725868725868725 0.7007722007722008 0.005791505791505791 
0.012195121951219513 0.08536585365853659 0.24796747967479674 0.5813008130081301 0.036585365853658534 0.0040650406504065045 0.0040650406504065045 0.02032520325203252 0.0040650406504065045 0.0040650406504065045 
0.004132231404958678 0.004132231404958678 0.6074380165289256 0.05371900826446281 0.028925619834710745 0.08677685950413223 0.012396694214876033 0.1859504132231405 0.012396694214876033 0.004132231404958678 
0.041501976284584984 0.08102766798418973 0.09288537549407115 0.1007905138339921 0.001976284584980237 0.009881422924901186 0.11264822134387352 0.5158102766798419 0.001976284584980237 0.041501976284584984 
0.05898876404494382 0.0028089887640449437 0.0028089887640449437 0.07584269662921349 0.05337078651685393 0.6264044943820225 0.13202247191011235 0.0028089887640449437 0.025280898876404494 0.019662921348314606 
0.059726962457337884 0.04948805460750853 0.12457337883959044 0.052901023890784986 0.025597269624573378 0.032423208191126277 0.20648464163822525 0.06996587030716724 0.36689419795221845 0.011945392491467578 
0.01903114186851211 0.005190311418685121 0.0017301038062283738 0.0017301038062283738 0.005190311418685121 0.0017301038062283738 0.7664359861591695 0.0017301038062283738 0.02249134948096886 0.17474048442906576 
0.004166666666666667 0.004166666666666667 0.9625 0.004166666666666667 0.004166666666666667 0.004166666666666667 0.004166666666666667 0.004166666666666667 0.004166666666666667 0.004166666666666667 
0.0017730496453900709 0.0017730496453900709 0.9698581560283688 0.008865248226950355 0.0017730496453900709 0.0017730496453900709 0.005319148936170213 0.0017730496453900709 0.005319148936170213 0.0017730496453900709 
0.0017730496453900709 0.0017730496453900709 0.9840425531914894 0.0017730496453900709 0.0017730496453900709 0.0017730496453900709 0.0017730496453900709 0.0017730496453900709 0.0017730496453900709 0.0017730496453900709 
0.005319148936170213 0.0017730496453900709 0.9698581560283688 0.008865248226950355 0.0017730496453900709 0.0017730496453900709 0.0017730496453900709 0.005319148936170213 0.0017730496453900709 0.0017730496453900709 
0.007142857142857143 0.02142857142857143 0.85 0.007142857142857143 0.007142857142857143 0.02142857142857143 0.007142857142857143 0.007142857142857143 0.007142857142857143 0.06428571428571428 
0.06554307116104868 0.06554307116104868 0.054307116104868915 0.22659176029962547 0.0018726591760299626 0.024344569288389514 0.15917602996254682 0.03932584269662921 0.0018726591760299626 0.36142322097378277 
