0.036585365853658534 0.012195121951219513 0.012195121951219513 0.036585365853658534 0.012195121951219513 0.8170731707317073 0.012195121951219513 0.036585365853658534 0.012195121951219513 0.012195121951219513 
0.6944444444444444 0.027777777777777776 0.027777777777777776 0.027777777777777776 0.027777777777777776 0.027777777777777776 0.08333333333333333 0.027777777777777776 0.027777777777777776 0.027777777777777776 
0.040983606557377046 0.00819672131147541 0.5163934426229508 0.02459016393442623 0.00819672131147541 0.27049180327868855 0.05737704918032787 0.00819672131147541 0.05737704918032787 0.00819672131147541 
0.021739130434782608 0.021739130434782608 0.021739130434782608 0.021739130434782608 0.06521739130434782 0.021739130434782608 0.021739130434782608 0.021739130434782608 0.021739130434782608 0.7608695652173914 
0.06521739130434782 0.021739130434782608 0.021739130434782608 0.021739130434782608 0.021739130434782608 0.021739130434782608 0.021739130434782608 0.021739130434782608 0.021739130434782608 0.7608695652173914 
0.04411764705882353 0.014705882352941176 0.014705882352941176 0.014705882352941176 0.014705882352941176 0.014705882352941176 0.07352941176470588 0.4852941176470588 0.10294117647058823 0.22058823529411764 
0.0603448275862069 0.02586206896551724 0.04310344827586207 0.008620689655172414 0.008620689655172414 0.7155172413793104 0.09482758620689655 0.02586206896551724 0.008620689655172414 0.008620689655172414 
0.05 0.15 0.05 0.15 0.15 0.05 0.15 0.15 0.05 0.05 
0.125 0.075 0.025 0.025 0.025 0.075 0.575 0.025 0.025 0.025 
0.046875 0.015625 0.046875 0.109375 0.015625 0.046875 0.671875 0.015625 0.015625 0.015625 
0.03125 0.03125 0.03125 0.03125 0.03125 0.71875 0.03125 0.03125 0.03125 0.03125 
0.02631578947368421 0.13157894736842105 0.02631578947368421 0.07894736842105263 0.02631578947368421 0.02631578947368421 0.02631578947368421 0.6052631578947368 0.02631578947368421 0.02631578947368421 
0.38235294117647056 0.08823529411764706 0.029411764705882353 0.029411764705882353 0.029411764705882353 0.029411764705882353 0.20588235294117646 0.029411764705882353 0.08823529411764706 0.08823529411764706 
0.32608695652173914 0.10869565217391304 0.021739130434782608 0.021739130434782608 0.15217391304347827 0.021739130434782608 0.021739130434782608 0.2391304347826087 0.021739130434782608 0.06521739130434782 
0.03125 0.03125 0.03125 0.03125 0.03125 0.71875 0.03125 0.03125 0.03125 0.03125 
0.025 0.025 0.125 0.025 0.125 0.025 0.475 0.125 0.025 0.025 
0.06521739130434782 0.1956521739130435 0.15217391304347827 0.021739130434782608 0.021739130434782608 0.021739130434782608 0.10869565217391304 0.2391304347826087 0.021739130434782608 0.15217391304347827 
0.014705882352941176 0.014705882352941176 0.75 0.014705882352941176 0.014705882352941176 0.10294117647058823 0.014705882352941176 0.014705882352941176 0.014705882352941176 0.04411764705882353 
0.023809523809523808 0.07142857142857142 0.2619047619047619 0.07142857142857142 0.023809523809523808 0.023809523809523808 0.023809523809523808 0.07142857142857142 0.023809523809523808 0.40476190476190477 
0.03571428571428571 0.10714285714285714 0.10714285714285714 0.17857142857142858 0.39285714285714285 0.03571428571428571 0.03571428571428571 0.03571428571428571 0.03571428571428571 0.03571428571428571 
0.525 0.075 0.025 0.025 0.075 0.075 0.025 0.075 0.025 0.075 
0.06578947368421052 0.06578947368421052 0.013157894736842105 0.013157894736842105 0.013157894736842105 0.06578947368421052 0.17105263157894737 0.5657894736842105 0.013157894736842105 0.013157894736842105 
0.04310344827586207 0.5948275862068966 0.008620689655172414 0.008620689655172414 0.008620689655172414 0.04310344827586207 0.02586206896551724 0.16379310344827586 0.09482758620689655 0.008620689655172414 
0.03968253968253968 0.023809523809523808 0.0873015873015873 0.1984126984126984 0.46825396825396826 0.023809523809523808 0.05555555555555555 0.023809523809523808 0.07142857142857142 0.007936507936507936 
0.041666666666666664 0.013888888888888888 0.013888888888888888 0.013888888888888888 0.013888888888888888 0.8472222222222222 0.013888888888888888 0.013888888888888888 0.013888888888888888 0.013888888888888888 
0.03571428571428571 0.011904761904761904 0.20238095238095238 0.011904761904761904 0.011904761904761904 0.4166666666666667 0.08333333333333333 0.20238095238095238 0.011904761904761904 0.011904761904761904 
0.008928571428571428 0.008928571428571428 0.08035714285714286 0.008928571428571428 0.3125 0.026785714285714284 0.0625 0.4732142857142857 0.008928571428571428 0.008928571428571428 
0.027777777777777776 0.027777777777777776 0.027777777777777776 0.1388888888888889 0.3611111111111111 0.027777777777777776 0.08333333333333333 0.1388888888888889 0.1388888888888889 0.027777777777777776 
0.07894736842105263 0.02631578947368421 0.02631578947368421 0.02631578947368421 0.13157894736842105 0.02631578947368421 0.02631578947368421 0.39473684210526316 0.02631578947368421 0.23684210526315788 
0.125 0.025 0.025 0.075 0.025 0.275 0.025 0.325 0.075 0.025 
0.027777777777777776 0.027777777777777776 0.08333333333333333 0.027777777777777776 0.027777777777777776 0.027777777777777776 0.027777777777777776 0.6944444444444444 0.027777777777777776 0.027777777777777776 
0.03488372093023256 0.03488372093023256 0.03488372093023256 0.03488372093023256 0.011627906976744186 0.03488372093023256 0.011627906976744186 0.011627906976744186 0.011627906976744186 0.7790697674418605 
0.02631578947368421 0.13157894736842105 0.02631578947368421 0.02631578947368421 0.02631578947368421 0.02631578947368421 0.02631578947368421 0.2894736842105263 0.13157894736842105 0.2894736842105263 
0.09375 0.03125 0.15625 0.03125 0.03125 0.09375 0.40625 0.03125 0.03125 0.09375 
0.08823529411764706 0.20588235294117646 0.08823529411764706 0.08823529411764706 0.029411764705882353 0.08823529411764706 0.14705882352941177 0.08823529411764706 0.14705882352941177 0.029411764705882353 
0.023809523809523808 0.023809523809523808 0.023809523809523808 0.023809523809523808 0.07142857142857142 0.6428571428571429 0.07142857142857142 0.023809523809523808 0.07142857142857142 0.023809523809523808 
0.06521739130434782 0.021739130434782608 0.2391304347826087 0.32608695652173914 0.06521739130434782 0.021739130434782608 0.06521739130434782 0.06521739130434782 0.10869565217391304 0.021739130434782608 
0.022727272727272728 0.022727272727272728 0.06818181818181818 0.022727272727272728 0.022727272727272728 0.022727272727272728 0.022727272727272728 0.022727272727272728 0.7045454545454546 0.06818181818181818 
0.14166666666666666 0.09166666666666666 0.008333333333333333 0.24166666666666667 0.025 0.008333333333333333 0.025 0.19166666666666668 0.25833333333333336 0.008333333333333333 
0.11904761904761904 0.023809523809523808 0.07142857142857142 0.11904761904761904 0.11904761904761904 0.023809523809523808 0.023809523809523808 0.11904761904761904 0.16666666666666666 0.21428571428571427 
0.025 0.175 0.275 0.025 0.075 0.075 0.025 0.125 0.025 0.175 
0.675 0.025 0.025 0.025 0.075 0.025 0.025 0.025 0.025 0.075 
0.011111111111111112 0.3888888888888889 0.07777777777777778 0.1 0.18888888888888888 0.011111111111111112 0.011111111111111112 0.011111111111111112 0.05555555555555555 0.14444444444444443 
0.02631578947368421 0.02631578947368421 0.02631578947368421 0.23684210526315788 0.02631578947368421 0.07894736842105263 0.02631578947368421 0.02631578947368421 0.4473684210526316 0.07894736842105263 
0.6176470588235294 0.029411764705882353 0.029411764705882353 0.029411764705882353 0.029411764705882353 0.029411764705882353 0.08823529411764706 0.08823529411764706 0.029411764705882353 0.029411764705882353 
0.008333333333333333 0.041666666666666664 0.125 0.09166666666666666 0.025 0.025 0.6583333333333333 0.008333333333333333 0.008333333333333333 0.008333333333333333 
0.21428571428571427 0.023809523809523808 0.11904761904761904 0.07142857142857142 0.11904761904761904 0.023809523809523808 0.11904761904761904 0.023809523809523808 0.21428571428571427 0.07142857142857142 
0.07142857142857142 0.023809523809523808 0.023809523809523808 0.7380952380952381 0.023809523809523808 0.023809523809523808 0.023809523809523808 0.023809523809523808 0.023809523809523808 0.023809523809523808 
0.023809523809523808 0.07142857142857142 0.07142857142857142 0.6904761904761905 0.023809523809523808 0.023809523809523808 0.023809523809523808 0.023809523809523808 0.023809523809523808 0.023809523809523808 
0.014705882352941176 0.014705882352941176 0.014705882352941176 0.04411764705882353 0.014705882352941176 0.014705882352941176 0.014705882352941176 0.8382352941176471 0.014705882352941176 0.014705882352941176 
0.013157894736842105 0.013157894736842105 0.013157894736842105 0.013157894736842105 0.09210526315789473 0.013157894736842105 0.09210526315789473 0.2236842105263158 0.5131578947368421 0.013157894736842105 
