0.012727272727272728 0.056363636363636366 0.00909090909090909 0.10363636363636364 0.005454545454545455 0.1 0.39454545454545453 0.09272727272727273 0.0890909090909091 0.13636363636363635 
0.006591337099811676 0.004708097928436911 0.03483992467043315 0.038606403013182675 0.05743879472693032 0.08945386064030132 0.556497175141243 0.002824858757062147 0.2062146892655367 0.002824858757062147 
0.42083333333333334 0.004166666666666667 0.004166666666666667 0.006944444444444444 0.09861111111111111 0.16527777777777777 0.14027777777777778 0.11527777777777778 0.001388888888888889 0.043055555555555555 
0.21511627906976744 0.005813953488372093 0.01744186046511628 0.06395348837209303 0.37790697674418605 0.1569767441860465 0.14534883720930233 0.005813953488372093 0.005813953488372093 0.005813953488372093 
0.0026041666666666665 0.06510416666666667 0.0026041666666666665 0.11197916666666667 0.0026041666666666665 0.0390625 0.4453125 0.2838541666666667 0.018229166666666668 0.028645833333333332 
0.015582655826558265 0.11856368563685638 0.034552845528455285 0.11314363143631437 6.775067750677507E-4 0.061653116531165314 0.20528455284552846 0.007452574525745257 0.1497289972899729 0.29336043360433606 
0.023809523809523808 0.0021645021645021645 0.01948051948051948 0.006493506493506494 0.0021645021645021645 0.0021645021645021645 0.6298701298701299 0.08441558441558442 0.22727272727272727 0.0021645021645021645 
0.36742424242424243 7.575757575757576E-4 7.575757575757576E-4 0.0022727272727272726 7.575757575757576E-4 0.04772727272727273 0.27045454545454545 0.07196969696969698 0.23712121212121212 7.575757575757576E-4 
0.0014534883720930232 0.0014534883720930232 0.010174418604651164 0.007267441860465116 0.00436046511627907 0.0014534883720930232 0.11773255813953488 0.04796511627906977 0.8037790697674418 0.00436046511627907 
0.004629629629629629 0.004629629629629629 0.004629629629629629 0.004629629629629629 0.004629629629629629 0.004629629629629629 0.004629629629629629 0.2175925925925926 0.7453703703703703 0.004629629629629629 
0.006329113924050633 0.006329113924050633 0.006329113924050633 0.006329113924050633 0.006329113924050633 0.006329113924050633 0.006329113924050633 0.056962025316455694 0.8924050632911392 0.006329113924050633 
0.0025 8.333333333333334E-4 8.333333333333334E-4 8.333333333333334E-4 0.004166666666666667 8.333333333333334E-4 0.5841666666666666 0.18583333333333332 0.19083333333333333 0.029166666666666667 
0.53125 0.11458333333333333 0.010416666666666666 0.010416666666666666 0.07291666666666667 0.010416666666666666 0.010416666666666666 0.010416666666666666 0.19791666666666666 0.03125 
9.293680297397769E-4 0.0027881040892193307 0.02137546468401487 0.02695167286245353 9.293680297397769E-4 9.293680297397769E-4 0.43773234200743494 0.3466542750929368 0.1570631970260223 0.004646840148698885 
0.001519756838905775 0.001519756838905775 0.001519756838905775 0.001519756838905775 0.001519756838905775 0.001519756838905775 0.05623100303951368 0.898176291793313 0.034954407294832825 0.001519756838905775 
0.0016666666666666668 0.0016666666666666668 0.0016666666666666668 0.0016666666666666668 0.0016666666666666668 0.005 0.06166666666666667 0.8783333333333333 0.041666666666666664 0.005 
0.00576036866359447 0.001152073732718894 0.001152073732718894 0.024193548387096774 0.00576036866359447 0.5564516129032258 0.27534562211981567 0.014976958525345621 0.04953917050691244 0.06566820276497695 
0.005555555555555556 0.005555555555555556 0.016666666666666666 0.37592592592592594 0.001851851851851852 0.001851851851851852 0.587037037037037 0.001851851851851852 0.001851851851851852 0.001851851851851852 
0.0055762081784386614 0.00929368029739777 0.00929368029739777 0.3847583643122677 0.0018587360594795538 0.0018587360594795538 0.5817843866171004 0.0018587360594795538 0.0018587360594795538 0.0018587360594795538 
0.002857142857142857 0.04285714285714286 9.523809523809524E-4 0.039047619047619046 0.5552380952380952 0.17238095238095238 0.14 0.010476190476190476 9.523809523809524E-4 0.035238095238095235 
0.0033333333333333335 0.023333333333333334 0.01 0.91 0.0033333333333333335 0.01 0.0033333333333333335 0.0033333333333333335 0.023333333333333334 0.01 
0.003289473684210526 0.003289473684210526 0.003289473684210526 0.7467105263157895 0.009868421052631578 0.003289473684210526 0.009868421052631578 0.1875 0.029605263157894735 0.003289473684210526 
0.0027472527472527475 0.06318681318681318 0.019230769230769232 0.7774725274725275 0.0027472527472527475 0.0027472527472527475 0.11813186813186813 0.0027472527472527475 0.0027472527472527475 0.008241758241758242 
0.0010309278350515464 0.08350515463917525 0.029896907216494847 0.13298969072164948 0.27319587628865977 0.1618556701030928 0.14536082474226805 0.05463917525773196 0.013402061855670102 0.10412371134020619 
0.017533252720677146 0.09492140266021766 0.011487303506650543 0.0562273276904474 0.5471584038694075 0.18198307134220074 0.005441354292623942 0.0743651753325272 0.003022974607013301 0.007859733978234583 
0.0024180548092423426 8.060182697474476E-4 0.006179473401397098 2.6867275658248256E-4 0.01155292853304675 0.9164427727028479 0.01585169263836647 0.0169263836646964 2.6867275658248256E-4 0.029285330467490597 
0.0013089005235602095 0.2081151832460733 0.0013089005235602095 0.11649214659685864 0.24214659685863874 0.03795811518324607 0.0013089005235602095 0.35732984293193715 0.032722513089005235 0.0013089005235602095 
0.0043859649122807015 0.04532163742690058 0.007309941520467836 0.01608187134502924 0.007309941520467836 0.007309941520467836 0.05116959064327485 0.7441520467836257 0.10964912280701754 0.007309941520467836 
0.0017006802721088435 0.1649659863945578 0.04931972789115646 0.09013605442176871 0.10034013605442177 0.11734693877551021 0.04251700680272109 0.4098639455782313 0.022108843537414966 0.0017006802721088435 
0.014522821576763486 0.002074688796680498 0.002074688796680498 0.002074688796680498 0.002074688796680498 0.022821576763485476 0.002074688796680498 0.006224066390041493 0.006224066390041493 0.9398340248962656 
0.002074688796680498 0.002074688796680498 0.002074688796680498 0.002074688796680498 0.002074688796680498 0.014522821576763486 0.01037344398340249 0.006224066390041493 0.002074688796680498 0.9564315352697096 
0.0022222222222222222 0.26 0.04666666666666667 0.09111111111111111 0.04666666666666667 0.04666666666666667 0.0022222222222222222 0.44222222222222224 0.06 0.0022222222222222222 
0.034375 0.003125 0.890625 0.009375 0.003125 0.009375 0.028125 0.003125 0.003125 0.015625 
4.878048780487805E-4 4.878048780487805E-4 0.018048780487804877 0.0024390243902439024 4.878048780487805E-4 4.878048780487805E-4 0.6648780487804878 0.0824390243902439 0.22097560975609756 0.009268292682926829 
0.0035971223021582736 0.08273381294964029 0.0035971223021582736 0.29136690647482016 0.025179856115107913 0.039568345323741004 0.5359712230215827 0.01079136690647482 0.0035971223021582736 0.0035971223021582736 
6.142506142506142E-4 0.7082309582309583 0.022727272727272728 0.01167076167076167 0.030098280098280097 0.015356265356265357 0.12592137592137592 0.03501228501228501 0.009213759213759214 0.041154791154791155 
0.0030864197530864196 0.8179012345679012 0.1388888888888889 0.0030864197530864196 0.009259259259259259 0.0030864197530864196 0.0030864197530864196 0.0030864197530864196 0.015432098765432098 0.0030864197530864196 
0.0031446540880503146 0.8333333333333334 0.10377358490566038 0.040880503144654086 0.0031446540880503146 0.0031446540880503146 0.0031446540880503146 0.0031446540880503146 0.0031446540880503146 0.0031446540880503146 
0.005434782608695652 0.005434782608695652 0.005434782608695652 0.907608695652174 0.005434782608695652 0.016304347826086956 0.005434782608695652 0.005434782608695652 0.03804347826086957 0.005434782608695652 
0.06711915535444947 0.003770739064856712 7.541478129713424E-4 0.10030165912518854 0.008295625942684766 0.07013574660633484 0.4924585218702866 0.011312217194570135 0.22850678733031674 0.017345399698340876 
0.00847457627118644 0.03672316384180791 0.002824858757062147 0.08192090395480225 0.7090395480225988 0.014124293785310734 0.03672316384180791 0.014124293785310734 0.08757062146892655 0.00847457627118644 
0.8314447592067988 0.021246458923512748 0.04107648725212465 0.00141643059490085 0.00141643059490085 0.015580736543909348 0.00141643059490085 0.00141643059490085 0.015580736543909348 0.06940509915014165 
0.014445479962721343 0.011649580615097856 0.004193849021435228 0.0060577819198508855 0.02096924510717614 0.8271202236719478 0.02190121155638397 0.0097856477166822 0.002329916123019571 0.081547064305685 
0.01050420168067227 0.04831932773109244 0.0021008403361344537 0.0021008403361344537 0.0063025210084033615 0.16176470588235295 0.03991596638655462 0.0063025210084033615 0.01050420168067227 0.7121848739495799 
0.0015772870662460567 0.5126182965299685 0.06782334384858044 0.34542586750788645 0.0015772870662460567 0.02050473186119874 0.02365930599369085 0.014195583596214511 0.011041009463722398 0.0015772870662460567 
0.039473684210526314 0.013157894736842105 0.17105263157894737 0.5131578947368421 0.039473684210526314 0.013157894736842105 0.06578947368421052 0.11842105263157894 0.013157894736842105 0.013157894736842105 
0.00141643059490085 0.009915014164305949 0.00141643059490085 0.8937677053824362 0.00141643059490085 0.00424929178470255 0.08073654390934844 0.00424929178470255 0.00141643059490085 0.00141643059490085 
0.013819095477386936 0.013819095477386936 0.9183417085427136 0.001256281407035176 0.016331658291457288 0.00628140703517588 0.016331658291457288 0.001256281407035176 0.00628140703517588 0.00628140703517588 
0.20941558441558442 0.49512987012987014 0.027597402597402596 0.060064935064935064 0.03409090909090909 0.07954545454545454 0.0016233766233766235 0.07954545454545454 0.011363636363636364 0.0016233766233766235 
0.0340393343419062 0.00832072617246596 0.03252647503782148 7.564296520423601E-4 0.0037821482602118004 7.564296520423601E-4 0.20499243570347958 0.018910741301059002 0.02042360060514372 0.6754916792738276 
0.02280701754385965 0.787719298245614 0.0017543859649122807 0.03333333333333333 0.0017543859649122807 0.03333333333333333 0.0017543859649122807 0.005263157894736842 0.07543859649122807 0.03684210526315789 
0.0016611295681063123 0.08803986710963455 0.05813953488372093 0.6926910299003323 0.02823920265780731 0.008305647840531562 0.03488372093023256 0.0016611295681063123 0.08471760797342193 0.0016611295681063123 
0.014970059880239521 0.008982035928143712 0.09880239520958084 0.8053892215568862 0.0029940119760479044 0.0029940119760479044 0.008982035928143712 0.04491017964071856 0.0029940119760479044 0.008982035928143712 
0.5771604938271605 0.015432098765432098 0.0030864197530864196 0.0030864197530864196 0.2006172839506173 0.1388888888888889 0.009259259259259259 0.015432098765432098 0.0030864197530864196 0.033950617283950615 
0.014469453376205787 0.12379421221864952 0.03054662379421222 0.04662379421221865 0.4871382636655949 0.001607717041800643 0.001607717041800643 0.2877813504823151 0.001607717041800643 0.00482315112540193 
0.002066115702479339 0.4318181818181818 0.20454545454545456 0.13429752066115702 0.13429752066115702 0.05991735537190083 0.014462809917355372 0.014462809917355372 0.002066115702479339 0.002066115702479339 
0.003472222222222222 0.4965277777777778 0.0011574074074074073 0.0011574074074074073 0.16550925925925927 0.19791666666666666 0.003472222222222222 0.03587962962962963 0.0011574074074074073 0.09375 
0.020833333333333332 0.0763888888888889 0.5208333333333334 0.1875 0.006944444444444444 0.006944444444444444 0.020833333333333332 0.11805555555555555 0.020833333333333332 0.020833333333333332 
0.00482315112540193 0.0594855305466238 0.5643086816720257 0.10128617363344052 0.001607717041800643 0.027331189710610933 0.024115755627009645 0.1945337620578778 0.017684887459807074 0.00482315112540193 
0.008928571428571428 0.008928571428571428 0.008928571428571428 0.7767857142857143 0.008928571428571428 0.008928571428571428 0.026785714285714284 0.008928571428571428 0.008928571428571428 0.13392857142857142 
0.5065104166666666 0.009114583333333334 0.01171875 0.02734375 0.24088541666666666 0.17578125 0.014322916666666666 0.0013020833333333333 0.0013020833333333333 0.01171875 
0.022935779816513763 0.0045871559633027525 0.7385321100917431 0.05045871559633028 0.03211009174311927 0.0045871559633027525 0.0045871559633027525 0.0045871559633027525 0.013761467889908258 0.12385321100917432 
0.007936507936507936 0.007936507936507936 0.8650793650793651 0.03968253968253968 0.007936507936507936 0.007936507936507936 0.03968253968253968 0.007936507936507936 0.007936507936507936 0.007936507936507936 
0.002617801047120419 0.013089005235602094 0.9659685863874345 0.002617801047120419 0.002617801047120419 0.002617801047120419 0.002617801047120419 0.002617801047120419 0.002617801047120419 0.002617801047120419 
0.0013513513513513514 0.0013513513513513514 0.0013513513513513514 0.0013513513513513514 0.004054054054054054 0.006756756756756757 0.004054054054054054 0.033783783783783786 0.9445945945945946 0.0013513513513513514 
0.044753086419753084 0.5324074074074074 0.004629629629629629 0.22685185185185186 0.004629629629629629 0.004629629629629629 0.004629629629629629 0.0015432098765432098 0.14660493827160495 0.029320987654320986 
0.008875739644970414 0.0029585798816568047 0.020710059171597635 0.014792899408284023 0.0029585798816568047 0.2514792899408284 0.0029585798816568047 0.07988165680473373 0.6124260355029586 0.0029585798816568047 
0.013513513513513514 0.0019305019305019305 0.0019305019305019305 0.0019305019305019305 0.0019305019305019305 0.0019305019305019305 0.009652509652509652 0.23745173745173745 0.7277992277992278 0.0019305019305019305 
0.0040650406504065045 0.08536585365853659 0.33739837398373984 0.45121951219512196 0.052845528455284556 0.02032520325203252 0.0040650406504065045 0.0040650406504065045 0.036585365853658534 0.0040650406504065045 
0.004132231404958678 0.08677685950413223 0.5082644628099173 0.004132231404958678 0.05371900826446281 0.028925619834710745 0.012396694214876033 0.26859504132231404 0.004132231404958678 0.028925619834710745 
0.005928853754940711 0.12845849802371542 0.08102766798418973 0.12450592885375494 0.001976284584980237 0.037549407114624504 0.09683794466403162 0.5197628458498024 0.001976284584980237 0.001976284584980237 
0.025280898876404494 0.1601123595505618 0.014044943820224719 0.03651685393258427 0.008426966292134831 0.5084269662921348 0.13202247191011235 0.0028089887640449437 0.0028089887640449437 0.10955056179775281 
0.008532423208191127 0.08361774744027303 0.06655290102389079 0.04607508532423208 0.015358361774744027 0.025597269624573378 0.2235494880546075 0.06313993174061433 0.3225255972696246 0.14505119453924914 
0.0017301038062283738 0.005190311418685121 0.00865051903114187 0.00865051903114187 0.0017301038062283738 0.0017301038062283738 0.6314878892733564 0.0017301038062283738 0.05709342560553633 0.2820069204152249 
0.004166666666666667 0.004166666666666667 0.9458333333333333 0.004166666666666667 0.004166666666666667 0.004166666666666667 0.020833333333333332 0.004166666666666667 0.004166666666666667 0.004166666666666667 
0.0017730496453900709 0.0017730496453900709 0.9804964539007093 0.005319148936170213 0.0017730496453900709 0.0017730496453900709 0.0017730496453900709 0.0017730496453900709 0.0017730496453900709 0.0017730496453900709 
0.0017730496453900709 0.005319148936170213 0.9698581560283688 0.0017730496453900709 0.0017730496453900709 0.005319148936170213 0.0017730496453900709 0.0017730496453900709 0.005319148936170213 0.005319148936170213 
0.0017730496453900709 0.0017730496453900709 0.9698581560283688 0.012411347517730497 0.005319148936170213 0.0017730496453900709 0.0017730496453900709 0.0017730496453900709 0.0017730496453900709 0.0017730496453900709 
0.007142857142857143 0.007142857142857143 0.8357142857142857 0.007142857142857143 0.02142857142857143 0.03571428571428571 0.007142857142857143 0.007142857142857143 0.007142857142857143 0.06428571428571428 
0.05056179775280899 0.03932584269662921 0.06928838951310862 0.15168539325842698 0.020599250936329586 0.0018726591760299626 0.14794007490636704 0.03932584269662921 0.035580524344569285 0.4438202247191011 
