0.036585365853658534 0.012195121951219513 0.06097560975609756 0.012195121951219513 0.012195121951219513 0.7926829268292683 0.012195121951219513 0.012195121951219513 0.036585365853658534 0.012195121951219513 
0.6944444444444444 0.027777777777777776 0.027777777777777776 0.027777777777777776 0.027777777777777776 0.08333333333333333 0.027777777777777776 0.027777777777777776 0.027777777777777776 0.027777777777777776 
0.00819672131147541 0.00819672131147541 0.7131147540983607 0.00819672131147541 0.00819672131147541 0.20491803278688525 0.02459016393442623 0.00819672131147541 0.00819672131147541 0.00819672131147541 
0.021739130434782608 0.021739130434782608 0.021739130434782608 0.021739130434782608 0.021739130434782608 0.10869565217391304 0.021739130434782608 0.021739130434782608 0.021739130434782608 0.717391304347826 
0.021739130434782608 0.021739130434782608 0.021739130434782608 0.021739130434782608 0.021739130434782608 0.021739130434782608 0.021739130434782608 0.021739130434782608 0.021739130434782608 0.8043478260869565 
0.1323529411764706 0.10294117647058823 0.04411764705882353 0.014705882352941176 0.3088235294117647 0.014705882352941176 0.014705882352941176 0.3382352941176471 0.014705882352941176 0.014705882352941176 
0.09482758620689655 0.09482758620689655 0.008620689655172414 0.008620689655172414 0.008620689655172414 0.5086206896551724 0.1810344827586207 0.0603448275862069 0.008620689655172414 0.02586206896551724 
0.05 0.45 0.15 0.05 0.05 0.05 0.05 0.05 0.05 0.05 
0.025 0.075 0.125 0.075 0.025 0.025 0.525 0.025 0.025 0.075 
0.015625 0.015625 0.046875 0.046875 0.015625 0.078125 0.578125 0.046875 0.015625 0.140625 
0.03125 0.03125 0.03125 0.03125 0.03125 0.71875 0.03125 0.03125 0.03125 0.03125 
0.02631578947368421 0.34210526315789475 0.13157894736842105 0.02631578947368421 0.02631578947368421 0.02631578947368421 0.02631578947368421 0.23684210526315788 0.02631578947368421 0.13157894736842105 
0.5 0.08823529411764706 0.029411764705882353 0.08823529411764706 0.029411764705882353 0.029411764705882353 0.029411764705882353 0.14705882352941177 0.029411764705882353 0.029411764705882353 
0.3695652173913043 0.06521739130434782 0.021739130434782608 0.06521739130434782 0.021739130434782608 0.06521739130434782 0.021739130434782608 0.2826086956521739 0.021739130434782608 0.06521739130434782 
0.03125 0.03125 0.03125 0.03125 0.03125 0.71875 0.03125 0.03125 0.03125 0.03125 
0.075 0.025 0.075 0.425 0.125 0.025 0.175 0.025 0.025 0.025 
0.021739130434782608 0.2391304347826087 0.15217391304347827 0.021739130434782608 0.10869565217391304 0.021739130434782608 0.15217391304347827 0.10869565217391304 0.06521739130434782 0.10869565217391304 
0.014705882352941176 0.014705882352941176 0.6911764705882353 0.014705882352941176 0.04411764705882353 0.16176470588235295 0.014705882352941176 0.014705882352941176 0.014705882352941176 0.014705882352941176 
0.023809523809523808 0.07142857142857142 0.023809523809523808 0.2619047619047619 0.2619047619047619 0.07142857142857142 0.11904761904761904 0.07142857142857142 0.023809523809523808 0.07142857142857142 
0.03571428571428571 0.03571428571428571 0.25 0.03571428571428571 0.17857142857142858 0.03571428571428571 0.10714285714285714 0.03571428571428571 0.17857142857142858 0.10714285714285714 
0.575 0.025 0.025 0.025 0.025 0.125 0.025 0.075 0.025 0.075 
0.09210526315789473 0.3815789473684211 0.17105263157894737 0.039473684210526314 0.09210526315789473 0.013157894736842105 0.06578947368421052 0.09210526315789473 0.013157894736842105 0.039473684210526314 
0.008620689655172414 0.4224137931034483 0.04310344827586207 0.21551724137931033 0.02586206896551724 0.04310344827586207 0.04310344827586207 0.008620689655172414 0.1810344827586207 0.008620689655172414 
0.007936507936507936 0.023809523809523808 0.07142857142857142 0.1349206349206349 0.15079365079365079 0.007936507936507936 0.023809523809523808 0.0873015873015873 0.46825396825396826 0.023809523809523808 
0.013888888888888888 0.013888888888888888 0.041666666666666664 0.041666666666666664 0.013888888888888888 0.8194444444444444 0.013888888888888888 0.013888888888888888 0.013888888888888888 0.013888888888888888 
0.011904761904761904 0.03571428571428571 0.34523809523809523 0.011904761904761904 0.05952380952380952 0.32142857142857145 0.011904761904761904 0.13095238095238096 0.011904761904761904 0.05952380952380952 
0.026785714285714284 0.08035714285714286 0.008928571428571428 0.008928571428571428 0.45535714285714285 0.008928571428571428 0.044642857142857144 0.3482142857142857 0.008928571428571428 0.008928571428571428 
0.027777777777777776 0.25 0.027777777777777776 0.1388888888888889 0.19444444444444445 0.027777777777777776 0.027777777777777776 0.027777777777777776 0.19444444444444445 0.08333333333333333 
0.07894736842105263 0.02631578947368421 0.18421052631578946 0.02631578947368421 0.18421052631578946 0.02631578947368421 0.02631578947368421 0.18421052631578946 0.07894736842105263 0.18421052631578946 
0.075 0.025 0.125 0.075 0.025 0.225 0.025 0.375 0.025 0.025 
0.027777777777777776 0.027777777777777776 0.027777777777777776 0.1388888888888889 0.027777777777777776 0.027777777777777776 0.027777777777777776 0.5833333333333334 0.08333333333333333 0.027777777777777776 
0.011627906976744186 0.03488372093023256 0.03488372093023256 0.011627906976744186 0.05813953488372093 0.03488372093023256 0.011627906976744186 0.03488372093023256 0.03488372093023256 0.7325581395348837 
0.02631578947368421 0.7105263157894737 0.02631578947368421 0.02631578947368421 0.02631578947368421 0.02631578947368421 0.07894736842105263 0.02631578947368421 0.02631578947368421 0.02631578947368421 
0.03125 0.03125 0.09375 0.03125 0.03125 0.15625 0.46875 0.03125 0.03125 0.09375 
0.029411764705882353 0.20588235294117646 0.08823529411764706 0.029411764705882353 0.08823529411764706 0.08823529411764706 0.029411764705882353 0.14705882352941177 0.029411764705882353 0.2647058823529412 
0.023809523809523808 0.023809523809523808 0.023809523809523808 0.023809523809523808 0.023809523809523808 0.7380952380952381 0.07142857142857142 0.023809523809523808 0.023809523809523808 0.023809523809523808 
0.06521739130434782 0.15217391304347827 0.021739130434782608 0.021739130434782608 0.021739130434782608 0.021739130434782608 0.021739130434782608 0.021739130434782608 0.32608695652173914 0.32608695652173914 
0.6136363636363636 0.022727272727272728 0.022727272727272728 0.022727272727272728 0.022727272727272728 0.022727272727272728 0.022727272727272728 0.022727272727272728 0.20454545454545456 0.022727272727272728 
0.008333333333333333 0.09166666666666666 0.008333333333333333 0.19166666666666668 0.008333333333333333 0.008333333333333333 0.041666666666666664 0.09166666666666666 0.5416666666666666 0.008333333333333333 
0.023809523809523808 0.023809523809523808 0.023809523809523808 0.40476190476190477 0.023809523809523808 0.07142857142857142 0.07142857142857142 0.2619047619047619 0.07142857142857142 0.023809523809523808 
0.025 0.125 0.025 0.025 0.075 0.025 0.025 0.025 0.025 0.625 
0.675 0.025 0.025 0.025 0.025 0.075 0.025 0.025 0.025 0.075 
0.05555555555555555 0.3888888888888889 0.011111111111111112 0.1 0.07777777777777778 0.011111111111111112 0.03333333333333333 0.18888888888888888 0.011111111111111112 0.12222222222222222 
0.07894736842105263 0.23684210526315788 0.02631578947368421 0.23684210526315788 0.13157894736842105 0.07894736842105263 0.07894736842105263 0.02631578947368421 0.02631578947368421 0.07894736842105263 
0.6764705882352942 0.029411764705882353 0.029411764705882353 0.029411764705882353 0.029411764705882353 0.029411764705882353 0.029411764705882353 0.08823529411764706 0.029411764705882353 0.029411764705882353 
0.008333333333333333 0.008333333333333333 0.275 0.008333333333333333 0.075 0.075 0.475 0.008333333333333333 0.025 0.041666666666666664 
0.2619047619047619 0.07142857142857142 0.023809523809523808 0.11904761904761904 0.11904761904761904 0.023809523809523808 0.07142857142857142 0.2619047619047619 0.023809523809523808 0.023809523809523808 
0.023809523809523808 0.023809523809523808 0.023809523809523808 0.7857142857142857 0.023809523809523808 0.023809523809523808 0.023809523809523808 0.023809523809523808 0.023809523809523808 0.023809523809523808 
0.023809523809523808 0.023809523809523808 0.023809523809523808 0.7857142857142857 0.023809523809523808 0.023809523809523808 0.023809523809523808 0.023809523809523808 0.023809523809523808 0.023809523809523808 
0.014705882352941176 0.04411764705882353 0.014705882352941176 0.014705882352941176 0.04411764705882353 0.014705882352941176 0.014705882352941176 0.7794117647058824 0.04411764705882353 0.014705882352941176 
0.013157894736842105 0.013157894736842105 0.013157894736842105 0.013157894736842105 0.013157894736842105 0.013157894736842105 0.06578947368421052 0.6447368421052632 0.14473684210526316 0.06578947368421052 
