0.10975609756097561 0.036585365853658534 0.012195121951219513 0.012195121951219513 0.012195121951219513 0.7682926829268293 0.012195121951219513 0.012195121951219513 0.012195121951219513 0.012195121951219513 
0.6944444444444444 0.027777777777777776 0.027777777777777776 0.027777777777777776 0.027777777777777776 0.08333333333333333 0.027777777777777776 0.027777777777777776 0.027777777777777776 0.027777777777777776 
0.00819672131147541 0.02459016393442623 0.6475409836065574 0.00819672131147541 0.00819672131147541 0.23770491803278687 0.02459016393442623 0.00819672131147541 0.00819672131147541 0.02459016393442623 
0.021739130434782608 0.021739130434782608 0.021739130434782608 0.021739130434782608 0.021739130434782608 0.021739130434782608 0.021739130434782608 0.021739130434782608 0.021739130434782608 0.8043478260869565 
0.021739130434782608 0.06521739130434782 0.021739130434782608 0.06521739130434782 0.021739130434782608 0.021739130434782608 0.021739130434782608 0.021739130434782608 0.021739130434782608 0.717391304347826 
0.16176470588235295 0.07352941176470588 0.04411764705882353 0.014705882352941176 0.014705882352941176 0.014705882352941176 0.04411764705882353 0.6029411764705882 0.014705882352941176 0.014705882352941176 
0.07758620689655173 0.008620689655172414 0.008620689655172414 0.008620689655172414 0.008620689655172414 0.7672413793103449 0.04310344827586207 0.0603448275862069 0.008620689655172414 0.008620689655172414 
0.15 0.05 0.15 0.05 0.05 0.05 0.05 0.25 0.15 0.05 
0.025 0.025 0.175 0.025 0.025 0.025 0.425 0.025 0.025 0.225 
0.015625 0.046875 0.046875 0.015625 0.359375 0.015625 0.453125 0.015625 0.015625 0.015625 
0.03125 0.03125 0.03125 0.03125 0.03125 0.71875 0.03125 0.03125 0.03125 0.03125 
0.07894736842105263 0.02631578947368421 0.07894736842105263 0.02631578947368421 0.02631578947368421 0.02631578947368421 0.02631578947368421 0.6578947368421053 0.02631578947368421 0.02631578947368421 
0.2647058823529412 0.14705882352941177 0.029411764705882353 0.08823529411764706 0.029411764705882353 0.029411764705882353 0.029411764705882353 0.029411764705882353 0.2647058823529412 0.08823529411764706 
0.5434782608695652 0.021739130434782608 0.021739130434782608 0.10869565217391304 0.021739130434782608 0.021739130434782608 0.021739130434782608 0.15217391304347827 0.021739130434782608 0.06521739130434782 
0.03125 0.03125 0.03125 0.03125 0.03125 0.71875 0.03125 0.03125 0.03125 0.03125 
0.025 0.025 0.025 0.075 0.175 0.025 0.125 0.075 0.375 0.075 
0.021739130434782608 0.021739130434782608 0.021739130434782608 0.2391304347826087 0.021739130434782608 0.06521739130434782 0.15217391304347827 0.1956521739130435 0.06521739130434782 0.1956521739130435 
0.014705882352941176 0.014705882352941176 0.5441176470588235 0.014705882352941176 0.014705882352941176 0.10294117647058823 0.22058823529411764 0.014705882352941176 0.04411764705882353 0.014705882352941176 
0.16666666666666666 0.023809523809523808 0.023809523809523808 0.023809523809523808 0.16666666666666666 0.023809523809523808 0.07142857142857142 0.07142857142857142 0.11904761904761904 0.30952380952380953 
0.03571428571428571 0.03571428571428571 0.25 0.03571428571428571 0.25 0.10714285714285714 0.03571428571428571 0.03571428571428571 0.10714285714285714 0.10714285714285714 
0.625 0.125 0.025 0.025 0.025 0.075 0.025 0.025 0.025 0.025 
0.09210526315789473 0.06578947368421052 0.11842105263157894 0.19736842105263158 0.013157894736842105 0.039473684210526314 0.013157894736842105 0.3815789473684211 0.06578947368421052 0.013157894736842105 
0.04310344827586207 0.4224137931034483 0.09482758620689655 0.008620689655172414 0.04310344827586207 0.008620689655172414 0.02586206896551724 0.0603448275862069 0.21551724137931033 0.07758620689655173 
0.007936507936507936 0.007936507936507936 0.11904761904761904 0.23015873015873015 0.40476190476190477 0.007936507936507936 0.007936507936507936 0.0873015873015873 0.10317460317460317 0.023809523809523808 
0.013888888888888888 0.013888888888888888 0.041666666666666664 0.013888888888888888 0.013888888888888888 0.8194444444444444 0.013888888888888888 0.013888888888888888 0.013888888888888888 0.041666666666666664 
0.03571428571428571 0.03571428571428571 0.5119047619047619 0.011904761904761904 0.011904761904761904 0.2261904761904762 0.10714285714285714 0.011904761904761904 0.03571428571428571 0.011904761904761904 
0.008928571428571428 0.008928571428571428 0.008928571428571428 0.026785714285714284 0.33035714285714285 0.008928571428571428 0.026785714285714284 0.3482142857142857 0.20535714285714285 0.026785714285714284 
0.08333333333333333 0.08333333333333333 0.027777777777777776 0.08333333333333333 0.1388888888888889 0.027777777777777776 0.08333333333333333 0.08333333333333333 0.027777777777777776 0.3611111111111111 
0.4473684210526316 0.02631578947368421 0.07894736842105263 0.13157894736842105 0.02631578947368421 0.02631578947368421 0.07894736842105263 0.13157894736842105 0.02631578947368421 0.02631578947368421 
0.125 0.175 0.025 0.125 0.025 0.275 0.025 0.025 0.175 0.025 
0.19444444444444445 0.027777777777777776 0.027777777777777776 0.027777777777777776 0.027777777777777776 0.027777777777777776 0.08333333333333333 0.4722222222222222 0.027777777777777776 0.08333333333333333 
0.03488372093023256 0.011627906976744186 0.011627906976744186 0.03488372093023256 0.011627906976744186 0.011627906976744186 0.03488372093023256 0.011627906976744186 0.22093023255813954 0.6162790697674418 
0.07894736842105263 0.34210526315789475 0.02631578947368421 0.13157894736842105 0.07894736842105263 0.07894736842105263 0.02631578947368421 0.02631578947368421 0.07894736842105263 0.13157894736842105 
0.03125 0.03125 0.28125 0.03125 0.03125 0.03125 0.46875 0.03125 0.03125 0.03125 
0.029411764705882353 0.029411764705882353 0.029411764705882353 0.4411764705882353 0.08823529411764706 0.029411764705882353 0.029411764705882353 0.14705882352941177 0.14705882352941177 0.029411764705882353 
0.023809523809523808 0.023809523809523808 0.07142857142857142 0.023809523809523808 0.07142857142857142 0.6904761904761905 0.023809523809523808 0.023809523809523808 0.023809523809523808 0.023809523809523808 
0.06521739130434782 0.10869565217391304 0.021739130434782608 0.2826086956521739 0.10869565217391304 0.06521739130434782 0.10869565217391304 0.021739130434782608 0.1956521739130435 0.021739130434782608 
0.022727272727272728 0.5681818181818182 0.022727272727272728 0.06818181818181818 0.022727272727272728 0.022727272727272728 0.06818181818181818 0.022727272727272728 0.1590909090909091 0.022727272727272728 
0.275 0.058333333333333334 0.041666666666666664 0.20833333333333334 0.14166666666666666 0.025 0.008333333333333333 0.09166666666666666 0.125 0.025 
0.023809523809523808 0.023809523809523808 0.023809523809523808 0.4523809523809524 0.023809523809523808 0.21428571428571427 0.07142857142857142 0.023809523809523808 0.023809523809523808 0.11904761904761904 
0.125 0.025 0.025 0.025 0.075 0.025 0.075 0.275 0.125 0.225 
0.525 0.025 0.125 0.025 0.075 0.025 0.125 0.025 0.025 0.025 
0.03333333333333333 0.5666666666666667 0.011111111111111112 0.12222222222222222 0.05555555555555555 0.011111111111111112 0.011111111111111112 0.05555555555555555 0.05555555555555555 0.07777777777777778 
0.02631578947368421 0.02631578947368421 0.02631578947368421 0.07894736842105263 0.18421052631578946 0.02631578947368421 0.02631578947368421 0.39473684210526316 0.07894736842105263 0.13157894736842105 
0.7352941176470589 0.029411764705882353 0.029411764705882353 0.029411764705882353 0.029411764705882353 0.029411764705882353 0.029411764705882353 0.029411764705882353 0.029411764705882353 0.029411764705882353 
0.008333333333333333 0.008333333333333333 0.09166666666666666 0.008333333333333333 0.008333333333333333 0.125 0.675 0.025 0.008333333333333333 0.041666666666666664 
0.4523809523809524 0.07142857142857142 0.023809523809523808 0.023809523809523808 0.023809523809523808 0.07142857142857142 0.07142857142857142 0.16666666666666666 0.07142857142857142 0.023809523809523808 
0.023809523809523808 0.023809523809523808 0.07142857142857142 0.7380952380952381 0.023809523809523808 0.023809523809523808 0.023809523809523808 0.023809523809523808 0.023809523809523808 0.023809523809523808 
0.023809523809523808 0.07142857142857142 0.023809523809523808 0.7380952380952381 0.023809523809523808 0.023809523809523808 0.023809523809523808 0.023809523809523808 0.023809523809523808 0.023809523809523808 
0.04411764705882353 0.07352941176470588 0.014705882352941176 0.04411764705882353 0.014705882352941176 0.014705882352941176 0.04411764705882353 0.7205882352941176 0.014705882352941176 0.014705882352941176 
0.013157894736842105 0.039473684210526314 0.013157894736842105 0.09210526315789473 0.11842105263157894 0.039473684210526314 0.14473684210526316 0.4868421052631579 0.039473684210526314 0.013157894736842105 
